# k_h
1.000000000000000378e-06
1.047128548050899805e-06
1.096478196143185099e-06
1.148153621496882736e-06
1.202264434617412543e-06
1.258925411794166538e-06
1.318256738556408663e-06
1.380384264602886115e-06
1.445439770745928571e-06
1.513561248436208875e-06
1.584893192461114080e-06
1.659586907437560918e-06
1.737800828749375497e-06
1.819700858609983006e-06
1.905460717963246421e-06
1.995262314968882095e-06
2.089296130854041501e-06
2.187761623949554277e-06
2.290867652767774306e-06
2.398832919019491388e-06
2.511886431509580579e-06
2.630267991895382090e-06
2.754228703338165907e-06
2.884031503126605032e-06
3.019951720402014627e-06
3.162277660168377074e-06
3.311311214825913643e-06
3.467368504525318536e-06
3.630780547701014933e-06
3.801893963205612790e-06
3.981071705534972507e-06
4.168693834703353157e-06
4.365158322401658313e-06
4.570881896148747575e-06
4.786300923226388492e-06
5.011872336272727512e-06
5.248074602497729875e-06
5.495408738576248452e-06
5.754399373371570980e-06
6.025595860743578224e-06
6.309573444801932179e-06
6.606934480075958461e-06
6.918309709189361698e-06
7.244359600749895664e-06
7.585775750291831422e-06
7.943282347242806499e-06
8.317637711026714461e-06
8.709635899560808976e-06
9.120108393559099759e-06
9.549925860214358663e-06
9.999999999999997430e-06
1.071891319205127554e-05
1.148951000187308771e-05
1.231550603292825403e-05
1.320088400831417438e-05
1.414991297434575428e-05
1.516716888470922367e-05
1.625755666443793416e-05
1.742633386009649561e-05
1.867913599020781522e-05
2.002200371815583463e-05
2.146141197858402930e-05
2.300430119772916760e-05
2.465811075822601606e-05
2.643081486974103598e-05
2.833096101839322587e-05
3.036771118035456218e-05
3.255088599835055787e-05
3.489101213406769862e-05
3.739937302478794407e-05
4.008806328898462134e-05
4.297004704320837593e-05
4.605922041145102034e-05
4.937047852838997845e-05
5.291978735958437040e-05
5.672426068491973050e-05
6.080224261649417423e-05
6.517339604882416918e-05
6.985879746785240865e-05
7.488103857590015463e-05
8.026433522257180400e-05
8.603464416684494321e-05
9.221978823334333469e-05
9.884959046625572563e-05
1.059560179277616515e-04
1.135733358343103986e-04
1.217382727739661942e-04
1.304901978014400823e-04
1.398713102647238958e-04
1.499268432786046202e-04
1.607052818261639417e-04
1.722585965398783973e-04
1.846424942895544350e-04
1.979166867853557658e-04
2.121451784910630578e-04
2.273965752357924737e-04
2.437444150122221006e-04
2.612675225563328716e-04
2.800503894183631196e-04
3.001835813575584296e-04
3.217641750250736896e-04
3.448962260405758233e-04
3.696912707195027588e-04
3.962688638701478009e-04
4.247571552536898946e-04
4.552935074866949262e-04
4.880251583654431047e-04
5.231099308056261612e-04
5.607169938205456639e-04
6.010276782070382356e-04
6.442363508721371881e-04
6.905513520162326465e-04
7.401959996915641457e-04
7.934096665797489914e-04
8.504489341802676065e-04
9.115888299750818944e-04
9.771241535346494086e-04
1.047370897959449144e-03
1.122667773510813063e-03
1.203377840777589093e-03
1.289890261253307966e-03
1.382622173764655243e-03
1.482020705798857635e-03
1.588565129428051942e-03
1.702769172225898934e-03
1.825183494319043784e-03
1.956398343517062703e-03
2.097046401323231137e-03
2.247805833548725991e-03
2.409403560239525410e-03
2.582618760682674035e-03
2.768286630392063647e-03
2.967302408188866609e-03
3.180625692794119674e-03
3.409285069746812238e-03
3.654383070957253291e-03
3.917101490809259644e-03
4.198707084443909637e-03
4.500557675700497806e-03
4.824108704165365469e-03
5.170920242896752915e-03
5.542664520663104742e-03
5.941133984965031763e-03
6.368249944718579712e-03
6.826071834272386812e-03
7.316807143427194425e-03
7.842822061337677286e-03
8.406652885618322302e-03
9.011018251665009124e-03
9.658832241158698054e-03
1.035321843295661758e-02
1.109752496412071306e-02
1.189534067370319990e-02
1.275051240713012506e-02
1.366716356462005684e-02
1.464971398307284879e-02
1.570290124729376360e-02
1.683180353330957293e-02
1.804186409392070922e-02
1.933891750455229638e-02
2.072921779595371730e-02
2.221946860939523830e-02
2.381685551976156501e-02
2.552908068239515341e-02
2.736439997074668201e-02
2.933166278390044596e-02
3.144035471591499764e-02
3.370064329271928172e-02
3.612342699709431004e-02
3.872038781812554842e-02
4.150404757850475329e-02
4.448782831127584547e-02
4.768611697714469216e-02
5.111433483440166320e-02
5.478901179593941018e-02
5.872786613189479726e-02
6.294988990221885017e-02
6.747544053110691997e-02
7.232633896483534053e-02
7.752597488629457689e-02
8.309941949353390200e-02
8.907354638610436026e-02
9.547716114208053273e-02
1.023411402105452589e-01
1.096985797892383041e-01
1.175849554052156021e-01
1.260382929679726705e-01
1.350993521198025904e-01
1.448118227674532743e-01
1.552225357427046426e-01
1.663816886076127655e-01
1.783430876931908216e-01
1.911644075385700858e-01
2.049074689815845451e-01
2.196385372416544413e-01
2.354286414322415422e-01
2.523539170434763723e-01
2.704959730463132317e-01
2.899422853882873685e-01
3.107866187782010181e-01
3.331294787934675483e-01
3.570785964900459186e-01
3.827494478516308418e-01
4.102658105827195478e-01
4.397603609302714878e-01
4.713753134116718257e-01
5.052631065335683180e-01
5.415871378079465392e-01
5.805225516094901783e-01
6.222570836730221266e-01
6.669919663030112744e-01
7.149428986597581304e-01
7.663410868007447529e-01
8.214343584919430175e-01
8.804883581643450086e-01
9.437878277775367808e-01
1.011637979766207618e+00
1.084365968689608550e+00
1.162322468679852783e+00
1.245883364295008233e+00
1.335451562929896641e+00
1.431458937523479191e+00
1.534368408930012473e+00
1.644676177994661037e+00
1.762914118095947780e+00
1.889652339691206384e+00
2.025501939230666792e+00
2.171117945694504225e+00
2.327202478960404441e+00
2.494508135230316004e+00
2.673841615839941621e+00
2.866067616948250851e+00
3.072112998861757038e+00
3.292971255097143946e+00
3.529707302730649143e+00
3.783462617131928329e+00
4.055460735840820341e+00
4.347013158125022869e+00
4.659525668664679543e+00
4.994505115855138122e+00
5.353566677410722896e+00
5.738441648302382347e+00
6.150985788580499047e+00
6.593188271333543682e+00
7.067181273927487517e+00
7.575250258771909273e+00
8.119844993183992443e+00
8.703591361485157663e+00
9.329304026284678031e+00
9.999999999999992895e+00
1.023411402105452694e+01
1.047370897959448577e+01
1.071891319205126969e+01
1.096985797892383019e+01
1.122667773510812594e+01
1.148951000187308225e+01
1.175849554052155987e+01
1.203377840777588936e+01
1.231550603292824775e+01
1.260382929679726693e+01
1.289890261253307990e+01
1.320088400831416742e+01
1.350993521198025960e+01
1.382622173764655216e+01
1.414991297434574768e+01
1.448118227674532754e+01
1.482020705798857563e+01
1.516716888470921631e+01
1.552225357427046326e+01
1.588565129428051925e+01
1.625755666443793501e+01
1.663816886076127588e+01
1.702769172225898942e+01
1.742633386009649499e+01
1.783430876931909026e+01
1.825183494319042055e+01
1.867913599020781490e+01
1.911644075385701669e+01
1.956398343517062699e+01
2.002200371815583679e+01
2.049074689815846284e+01
2.097046401323230924e+01
2.146141197858403160e+01
2.196385372416545323e+01
2.247805833548723697e+01
2.300430119772916626e+01
2.354286414322416476e+01
2.409403560239523401e+01
2.465811075822601595e+01
2.523539170434764856e+01
2.582618760682673908e+01
2.643081486974103456e+01
2.704959730463133738e+01
2.768286630392063685e+01
2.833096101839323566e+01
2.899422853882875017e+01
2.967302408188866636e+01
3.036771118035457562e+01
3.107866187782011380e+01
3.180625692794118109e+01
3.255088599835057295e+01
3.331294787934671575e+01
3.409285069746810848e+01
3.489101213406771507e+01
3.570785964900461096e+01
3.654383070957254631e+01
3.739937302478796255e+01
3.827494478516310039e+01
3.917101490809257314e+01
4.008806328898463534e+01
4.102658105827190127e+01
4.198707084443907434e+01
4.297004704320839608e+01
4.397603609302716876e+01
4.500557675700495253e+01
4.605922041145104373e+01
4.713753134116720389e+01
4.824108704165369943e+01
4.937047852839000228e+01
5.052631065335676652e+01
5.170920242896757202e+01
5.291978735958439017e+01
5.415871378079470588e+01
5.542664520663104355e+01
5.672426068491975570e+01
5.805225516094894544e+01
5.941133984965031800e+01
6.080224261649419759e+01
6.222570836730224642e+01
6.368249944718585454e+01
6.517339604882420190e+01
6.669919663030115942e+01
6.826071834272386241e+01
6.985879746785242617e+01
7.149428986597571622e+01
7.316807143427193694e+01
7.488103857590017753e+01
7.663410868007450460e+01
7.842822061337676587e+01
8.026433522257177344e+01
8.214343584919419072e+01
8.406652885618322557e+01
8.603464416684505522e+01
8.804883581643453283e+01
9.011018251665016976e+01
9.221978823334329434e+01
9.437878277775371316e+01
9.658832241158698650e+01
9.884959046625586154e+01
1.011637979766207138e+02
1.035321843295661779e+02
1.059560179277616072e+02
1.084365968689610042e+02
1.109752496412071423e+02
1.135733358343105550e+02
1.162322468679852250e+02
1.189534067370318979e+02
1.217382727739661448e+02
1.245883364295007567e+02
1.275051240713012390e+02
1.304901978014402459e+02
1.335451562929898444e+02
1.366716356462005706e+02
1.398713102647238316e+02
1.431458937523478312e+02
1.464971398307284858e+02
1.499268432786045651e+02
1.534368408930011753e+02
1.570290124729376089e+02
1.607052818261638834e+02
1.644676177994663249e+02
1.683180353330955654e+02
1.722585965398786243e+02
1.762914118095947060e+02
1.804186409392071084e+02
1.846424942895543495e+02
1.889652339691209022e+02
1.933891750455229612e+02
1.979166867853556653e+02
2.025501939230666153e+02
2.072921779595369571e+02
2.121451784910629783e+02
2.171117945694502964e+02
2.221946860939521855e+02
2.273965752357927670e+02
2.327202478960409735e+02
2.381685551976156603e+02
2.437444150122219924e+02
2.494508135230317123e+02
2.552908068239515273e+02
2.612675225563327785e+02
2.673841615839947963e+02
2.736439997074668327e+02
2.800503894183630109e+02
2.866067616948251953e+02
2.933166278390044681e+02
3.001835813575588645e+02
3.072112998861758228e+02
3.144035471591499800e+02
3.217641750250735413e+02
3.292971255097151015e+02
3.370064329271928045e+02
3.448962260405756410e+02
3.529707302730650440e+02
3.612342699709431031e+02
3.696912707195025973e+02
3.783462617131930301e+02
3.872038781812554475e+02
3.962688638701476407e+02
4.055460735840829329e+02
4.150404757850474766e+02
4.247571552536896888e+02
4.347013158125024574e+02
4.448782831127584245e+02
4.552935074866946934e+02
4.659525668664681461e+02
4.768611697714468960e+02
4.880251583654428487e+02
4.994505115855139934e+02
5.111433483440166015e+02
5.231099308056259360e+02
5.353566677410725561e+02
5.478901179593940469e+02
5.607169938205454400e+02
5.738441648302394924e+02
5.872786613189479112e+02
6.010276782070384343e+02
6.150985788580501321e+02
6.294988990221885388e+02
6.442363508721374501e+02
6.593188271333546027e+02
6.747544053110691493e+02
6.905513520162329542e+02
7.067181273927490111e+02
7.232633896483533817e+02
7.401959996915644524e+02
7.575250258771912968e+02
7.752597488629457985e+02
7.934096665797493415e+02
8.119844993184010491e+02
8.309941949353390100e+02
8.504489341802679974e+02
8.703591361485160860e+02
8.907354638610435131e+02
9.115888299750822625e+02
9.329304026284681868e+02
9.547716114208053568e+02
9.771241535346498495e+02
9.999999999999997726e+02
