# a
1.000000000000000000e+00
9.827586206896551380e-01
9.661016949152541056e-01
9.500000000000000666e-01
9.344262295081967595e-01
9.193548387096773800e-01
9.047619047619048782e-01
8.906250000000000000e-01
8.769230769230769162e-01
8.636363636363636465e-01
8.507462686567163201e-01
8.382352941176470784e-01
8.260869565217391353e-01
8.142857142857142794e-01
8.028169014084507449e-01
7.916666666666667407e-01
7.808219178082191902e-01
7.702702702702702853e-01
7.599999999999998979e-01
7.500000000000000000e-01
7.402597402597402843e-01
7.307692307692307265e-01
7.215189873417722222e-01
7.125000000000000222e-01
7.037037037037037202e-01
6.951219512195121464e-01
6.867469879518072196e-01
6.785714285714286031e-01
6.705882352941177071e-01
6.627906976744185608e-01
6.551724137931035363e-01
6.477272727272728181e-01
6.404494382022472010e-01
6.333333333333333037e-01
6.263736263736263687e-01
6.195652173913043237e-01
6.129032258064516236e-01
6.063829787234042978e-01
6.000000000000000888e-01
5.937500000000000000e-01
5.876288659793814650e-01
5.816326530612244694e-01
5.757575757575756903e-01
5.699999999999999512e-01
5.643564356435644136e-01
5.588235294117647189e-01
5.533980582524272718e-01
5.480769230769231282e-01
5.428571428571428159e-01
5.377358490566037652e-01
5.327102803738317238e-01
5.277777777777777901e-01
5.229357798165137350e-01
5.181818181818181879e-01
5.135135135135135975e-01
5.089285714285715079e-01
5.044247787610619538e-01
5.000000000000000000e-01
4.956521739130434479e-01
4.913793103448275690e-01
4.871794871794872250e-01
4.830508474576270528e-01
4.789915966386554813e-01
4.749999999999999223e-01
4.710743801652892970e-01
4.672131147540983798e-01
4.634146341463414309e-01
4.596774193548386900e-01
4.559999999999999609e-01
4.523809523809524391e-01
4.488188976377952000e-01
4.453125000000000000e-01
4.418604651162790775e-01
4.384615384615384581e-01
4.351145038167938961e-01
4.318181818181818232e-01
4.285714285714286031e-01
4.253731343283581601e-01
4.222222222222222765e-01
4.191176470588234837e-01
4.160583941605839331e-01
4.130434782608695676e-01
4.100719424460431695e-01
4.071428571428571397e-01
4.042553191489361430e-01
4.014084507042253724e-01
3.986013986013985377e-01
3.958333333333333703e-01
3.931034482758620774e-01
3.904109589041095951e-01
3.877551020408163129e-01
3.851351351351351426e-01
3.825503355704698571e-01
3.799999999999999489e-01
3.774834437086093120e-01
3.749999999999999445e-01
3.725490196078431460e-01
3.701298701298701421e-01
3.677419354838709631e-01
3.653846153846153633e-01
3.630573248407643061e-01
3.607594936708861111e-01
3.584905660377358250e-01
3.562500000000000111e-01
3.540372670807453437e-01
3.518518518518518601e-01
3.496932515337423109e-01
3.475609756097560732e-01
3.454545454545455141e-01
3.433734939759036098e-01
3.413173652694611038e-01
3.392857142857142461e-01
3.372781065088757413e-01
3.352941176470588536e-01
3.333333333333333148e-01
3.313953488372092804e-01
3.294797687861271696e-01
3.275862068965517127e-01
3.257142857142856784e-01
3.238636363636364091e-01
3.220338983050847759e-01
3.202247191011236005e-01
3.184357541899441313e-01
3.166666666666666519e-01
3.149171270718231774e-01
3.131868131868131844e-01
3.114754098360655310e-01
3.097826086956522174e-01
3.081081081081081252e-01
3.064516129032258118e-01
3.048128342245989275e-01
3.031914893617021489e-01
3.015873015873015706e-01
2.999999999999999889e-01
2.984293193717277304e-01
2.968750000000000000e-01
2.953367875647668339e-01
2.938144329896907325e-01
2.923076923076923239e-01
2.908163265306122347e-01
2.893401015228426187e-01
2.878787878787878451e-01
2.864321608040200640e-01
2.850000000000000311e-01
2.835820895522387919e-01
2.821782178217822068e-01
2.807881773399014680e-01
2.794117647058823595e-01
2.780487804878048474e-01
2.766990291262135804e-01
2.753623188405797118e-01
2.740384615384615641e-01
2.727272727272727626e-01
2.714285714285714080e-01
2.701421800947867435e-01
2.688679245283018826e-01
2.676056338028168780e-01
2.663551401869158619e-01
2.651162790697674243e-01
2.638888888888888951e-01
2.626728110599078625e-01
2.614678899082568675e-01
2.602739726027397116e-01
2.590909090909090939e-01
2.579185520361990669e-01
2.567567567567567433e-01
2.556053811659192987e-01
2.544642857142857539e-01
2.533333333333333548e-01
2.522123893805309769e-01
2.511013215859030923e-01
2.500000000000000000e-01
2.489082969432314107e-01
2.478260869565217239e-01
2.467532467532467799e-01
2.456896551724137845e-01
2.446351931330472129e-01
2.435897435897436125e-01
2.425531914893617191e-01
2.415254237288135264e-01
2.405063291139240556e-01
2.394957983193277407e-01
2.384937238493723688e-01
2.374999999999999611e-01
2.365145228215768114e-01
2.355371900826446485e-01
2.345679012345678882e-01
2.336065573770491899e-01
2.326530612244898100e-01
2.317073170731707155e-01
2.307692307692307265e-01
2.298387096774193450e-01
2.289156626506024250e-01
2.279999999999999805e-01
2.270916334661354508e-01
2.261904761904762196e-01
2.252964426877470394e-01
2.244094488188976000e-01
2.235294117647058654e-01
2.226562500000000000e-01
2.217898832684824795e-01
2.209302325581395388e-01
2.200772200772201093e-01
2.192307692307692291e-01
2.183908045977011325e-01
2.175572519083969480e-01
2.167300380228137091e-01
2.159090909090909116e-01
2.150943396226415172e-01
2.142857142857143016e-01
2.134831460674157244e-01
2.126865671641790800e-01
2.118959107806691333e-01
2.111111111111111382e-01
2.103321033210331925e-01
2.095588235294117418e-01
2.087912087912088266e-01
2.080291970802919665e-01
2.072727272727272474e-01
2.065217391304347838e-01
2.057761732851985659e-01
2.050359712230215847e-01
2.043010752688171894e-01
2.035714285714285698e-01
2.028469750889679846e-01
2.021276595744680715e-01
2.014134275618374714e-01
2.007042253521126862e-01
2.000000000000000111e-01
1.993006993006993244e-01
1.986062717770034902e-01
1.979166666666666852e-01
1.972318339100345985e-01
1.965517241379310387e-01
1.958762886597938124e-01
1.952054794520547976e-01
1.945392491467576590e-01
1.938775510204081565e-01
1.932203389830508544e-01
1.925675675675675713e-01
1.919191919191919338e-01
1.912751677852349008e-01
1.906354515050167342e-01
1.899999999999999745e-01
1.893687707641195928e-01
1.887417218543046560e-01
1.881188118811881194e-01
1.875000000000000000e-01
1.868852459016393242e-01
1.862745098039215730e-01
1.856677524429967419e-01
1.850649350649350711e-01
1.844660194174757017e-01
1.838709677419354815e-01
1.832797427652733124e-01
1.826923076923076816e-01
1.821086261980830734e-01
1.815286624203821531e-01
1.809523809523809479e-01
1.803797468354430278e-01
1.798107255520504655e-01
1.792452830188679402e-01
1.786833855799372928e-01
1.781250000000000056e-01
1.775700934579439172e-01
1.770186335403726718e-01
1.764705882352941013e-01
1.759259259259259300e-01
1.753846153846153610e-01
1.748466257668711554e-01
1.743119266055045968e-01
1.737804878048780366e-01
1.732522796352583550e-01
1.727272727272727293e-01
1.722054380664652662e-01
1.716867469879518049e-01
1.711711711711711714e-01
1.706586826347305519e-01
1.701492537313432918e-01
1.696428571428571508e-01
1.691394658753709035e-01
1.686390532544378706e-01
1.681415929203539661e-01
1.676470588235294268e-01
1.671554252199413393e-01
1.666666666666666574e-01
1.661807580174927135e-01
1.656976744186046402e-01
1.652173913043478437e-01
1.647398843930635848e-01
1.642651296829971130e-01
1.637931034482758563e-01
1.633237822349570267e-01
1.628571428571428392e-01
1.623931623931623991e-01
1.619318181818182045e-01
1.614730878186968754e-01
1.610169491525423879e-01
1.605633802816901212e-01
1.601123595505618002e-01
1.596638655462184753e-01
1.592178770949720656e-01
1.587743732590529422e-01
1.583333333333333259e-01
1.578947368421052821e-01
1.574585635359115887e-01
1.570247933884297564e-01
1.565934065934065922e-01
1.561643835616438325e-01
1.557377049180327655e-01
1.553133514986375918e-01
1.548913043478261087e-01
1.544715447154471621e-01
1.540540540540540626e-01
1.536388140161724924e-01
1.532258064516129059e-01
1.528150134048257280e-01
1.524064171122994638e-01
1.519999999999999962e-01
1.515957446808510745e-01
1.511936339522546580e-01
1.507936507936507853e-01
1.503957783641161061e-01
1.499999999999999944e-01
1.496062992125984370e-01
1.492146596858638652e-01
1.488250652741514302e-01
1.484375000000000000e-01
1.480519480519480457e-01
1.476683937823834170e-01
1.472868217054263407e-01
1.469072164948453663e-01
1.465295629820051460e-01
1.461538461538461620e-01
1.457800511508951513e-01
1.454081632653061174e-01
1.450381679389313172e-01
1.446700507614213094e-01
1.443037974683544222e-01
1.439393939393939226e-01
1.435768261964735504e-01
1.432160804020100320e-01
1.428571428571428492e-01
1.425000000000000155e-01
1.421446384039900257e-01
1.417910447761193959e-01
1.414392059553349901e-01
1.410891089108911034e-01
1.407407407407407218e-01
1.403940886699507340e-01
1.400491400491400418e-01
1.397058823529411797e-01
1.393643031784841113e-01
1.390243902439024237e-01
1.386861313868613110e-01
1.383495145631067902e-01
1.380145278450363167e-01
1.376811594202898559e-01
1.373493975903614384e-01
1.370192307692307820e-01
1.366906474820143991e-01
1.363636363636363813e-01
1.360381861575178930e-01
1.357142857142857040e-01
1.353919239904988192e-01
1.350710900473933718e-01
1.347517730496453903e-01
1.344339622641509413e-01
1.341176470588235359e-01
1.338028169014084390e-01
1.334894613583138268e-01
1.331775700934579310e-01
1.328671328671328644e-01
1.325581395348837122e-01
1.322505800464037207e-01
1.319444444444444475e-01
1.316397228637413430e-01
1.313364055299539312e-01
1.310344827586206740e-01
1.307339449541284337e-01
1.304347826086956486e-01
1.301369863013698558e-01
1.298405466970387057e-01
1.295454545454545470e-01
1.292517006802721136e-01
1.289592760180995334e-01
1.286681715575620777e-01
1.283783783783783716e-01
1.280898876404494291e-01
1.278026905829596493e-01
1.275167785234899431e-01
1.272321428571428770e-01
1.269487750556792804e-01
1.266666666666666774e-01
1.263858093126385695e-01
1.261061946902654884e-01
1.258278145695364281e-01
1.255506607929515461e-01
1.252747252747252737e-01
1.250000000000000000e-01
