# d_a
# unit = Mpc
0.000000000000000000e+00
7.356504645639380158e+01
1.440965733078174935e+02
2.117401161482951863e+02
2.766321320500571233e+02
3.389007312040904480e+02
3.986663374169539793e+02
4.560422853218018417e+02
5.111353611995212987e+02
5.640462934740314722e+02
6.148701982245979707e+02
6.636969844313764497e+02
7.106117231245949597e+02
7.556949841313075922e+02
7.990231436968842900e+02
8.406686658930175327e+02
8.807003604031218629e+02
9.191836189936409482e+02
9.561806327308223672e+02
9.917505917827356825e+02
1.025949869451907489e+03
1.058832191911717928e+03
1.090448794967021740e+03
1.120848569023736673e+03
1.150078193331500870e+03
1.178182260456096628e+03
1.205203391842534757e+03
1.231182345244272028e+03
1.256158114717703711e+03
1.280168023812829688e+03
1.303247812529935345e+03
1.325431718557461863e+03
1.346752553257207637e+03
1.367241772819058269e+03
1.386929544967993024e+03
1.405844811570651700e+03
1.424015347456906966e+03
1.441467815743233359e+03
1.458227819918864952e+03
1.474319952932512251e+03
1.489767843496473461e+03
1.504594199806099368e+03
1.518820850855522622e+03
1.532468785515181935e+03
1.545558189522766270e+03
1.558108480526615494e+03
1.570138341309240786e+03
1.581665751308302106e+03
1.592708016543045460e+03
1.603281798045705500e+03
1.613403138889676484e+03
1.623087489899264710e+03
1.632349734119436334e+03
1.641204210118200308e+03
1.649664734188963848e+03
1.657744621515347944e+03
1.665456706356582572e+03
1.672813361307529703e+03
1.679826515683699654e+03
1.686507673078253220e+03
1.692867928134841122e+03
1.698917982577321709e+03
1.704668160534723256e+03
1.710128423197438906e+03
1.715308382838370790e+03
1.720217316230722645e+03
1.724864177492188446e+03
1.729257610383559950e+03
1.733405960088115989e+03
1.737317284496653883e+03
1.740999365021601534e+03
1.744459716962347102e+03
1.747705599442704170e+03
1.750744024940274358e+03
1.753581768426426152e+03
1.756225376134606222e+03
1.758681173973771138e+03
1.760955275602848133e+03
1.763053590181339132e+03
1.764981829810391218e+03
1.766745516677958449e+03
1.768349989920972121e+03
1.769800412216857467e+03
1.771101776116056044e+03
1.772258910126715364e+03
1.773276484562143651e+03
1.774159017161118982e+03
1.774910878490673667e+03
1.775536297140540228e+03
1.776039364717977151e+03
1.776424040651337918e+03
1.776694156810322738e+03
1.776853421950525217e+03
1.776905425989511741e+03
1.776853644121355728e+03
1.776701440776256277e+03
1.776452073431551980e+03
1.776108696280157574e+03
1.775674363762220992e+03
1.775152033965498731e+03
1.774544571899746870e+03
1.773854752650157025e+03
1.773085264414691892e+03
1.772238711429912200e+03
1.771317616789759768e+03
1.770324425161489216e+03
1.769261505402829926e+03
1.768131153084262451e+03
1.766935592920099680e+03
1.765676981111970463e+03
1.764357407608096764e+03
1.762978898281632382e+03
1.761543417031206900e+03
1.760052867806674158e+03
1.758509096562939931e+03
1.756913893144629355e+03
1.755268993104248921e+03
1.753576079456359366e+03
1.751836784370224905e+03
1.750052690803234782e+03
1.748225334077375464e+03
1.746356203400867344e+03
1.744446743337051885e+03
1.742498355222491455e+03
1.740512398536195633e+03
1.738490192221782308e+03
1.736433015964329115e+03
1.734342111423600500e+03
1.732218683425252266e+03
1.730063901111573841e+03
1.727878899053244368e+03
1.725664777329948947e+03
1.723422606489352347e+03
1.721153422746682963e+03
1.718858232772969131e+03
1.716538013689832496e+03
1.714193713975488436e+03
1.711826254340672676e+03
1.709436528575570037e+03
1.707025404368782574e+03
1.704593724099344172e+03
1.702142305602735405e+03
1.699671942911821134e+03
1.697183406973622368e+03
1.694677446342733219e+03
1.692154787852252184e+03
1.689616137262996745e+03
1.687062179891747292e+03
1.684493581219299131e+03
1.681910987478968536e+03
1.679315026226286591e+03
1.676706306890496762e+03
1.674085421308498780e+03
1.671452944241847717e+03
1.668809433877382389e+03
1.666155432312052426e+03
1.663491466022475379e+03
1.660818046319758650e+03
1.658135669790070096e+03
1.655444818721457068e+03
1.652745961517367050e+03
1.650039553097325097e+03
1.647326035285201897e+03
1.644605837185477640e+03
1.641879375547917789e+03
1.639147055121042058e+03
1.636409268994751073e+03
1.633666398932481798e+03
1.630918815693242777e+03
1.628166879343840037e+03
1.625410939561644000e+03
1.622651335928186882e+03
1.619888398213910477e+03
1.617122446654329906e+03
1.614353792217917999e+03
1.611582736865954075e+03
1.608809573804624506e+03
1.606034587729602663e+03
1.603258055063355187e+03
1.600480244185424681e+03
1.597701415655893925e+03
1.594921822432255340e+03
1.592141710079907625e+03
1.589361316976458738e+03
1.586580874510062586e+03
1.583800607271944727e+03
1.581020733243332415e+03
1.578241463976935620e+03
1.575463004773176635e+03
1.572685554851308552e+03
1.569909307515606315e+03
1.567134450316762241e+03
1.564361165208647208e+03
1.561589628700580988e+03
1.558820012005240415e+03
1.556052481182359543e+03
1.553287197278325266e+03
1.550524316461816625e+03
1.547763990155599458e+03
1.545006365164590306e+03
1.542251583800313938e+03
1.539499784001848639e+03
1.536751099453384768e+03
1.534005659698478894e+03
1.531263590251124242e+03
1.528525012703706125e+03
1.525790044831966497e+03
1.523058800697047673e+03
1.520331390744698865e+03
1.517607921901749705e+03
1.514888497669914159e+03
1.512173218217009207e+03
1.509462180465671054e+03
1.506755478179628199e+03
1.504053202047620516e+03
1.501355439765022993e+03
1.498662276113239159e+03
1.495973793036939924e+03
1.493290069719201028e+03
1.490611182654601862e+03
1.487937205720347265e+03
1.485268210245477576e+03
1.482604265078195340e+03
1.479945436651397586e+03
1.477291789046439817e+03
1.474643384055191746e+03
1.472000281240435697e+03
1.469362537994652484e+03
1.466730209597234307e+03
1.464103349270182662e+03
1.461482008232324006e+03
1.458866235752089551e+03
1.456256079198892166e+03
1.453651584093157226e+03
1.451052794155022184e+03
1.448459751351763998e+03
1.445872495943970762e+03
1.443291066530510079e+03
1.440715500092312595e+03
1.438145832035020476e+03
1.435582096230503112e+03
1.433024325057315082e+03
1.430472549440083185e+03
1.427926798887874384e+03
1.425387101531574672e+03
1.422853484160287508e+03
1.420325972256802743e+03
1.417804590032141959e+03
1.415289360459215459e+03
1.412780305305612046e+03
1.410277445165544577e+03
1.407780799490978325e+03
1.405290386621955122e+03
1.402806223816150123e+03
1.400328327277660719e+03
1.397856712185071274e+03
1.395391392718797306e+03
1.392932382087728911e+03
1.390479692555207066e+03
1.388033335464327138e+03
1.385593321262612108e+03
1.383159659526051882e+03
1.380732358982537789e+03
1.378311427534704308e+03
1.375896872282192817e+03
1.373488699543356461e+03
1.371086914876411811e+03
1.368691523100066206e+03
1.366302528313621906e+03
1.363919933916573427e+03
1.361543742627719212e+03
1.359173956503787167e+03
1.356810576957598414e+03
1.354453604775776739e+03
1.352103040136012851e+03
1.349758882623897307e+03
1.347421131249338259e+03
1.345089784462563330e+03
1.342764840169727677e+03
1.340446295748132570e+03
1.338134148061063115e+03
1.335828393472262178e+03
1.333529027860038923e+03
1.331236046631031286e+03
1.328949444733629662e+03
1.326669216671059303e+03
1.324395356514146670e+03
1.322127857913767912e+03
1.319866714112989939e+03
1.317611917958905224e+03
1.315363461914185791e+03
1.313121337178981094e+03
1.310885537238925281e+03
1.308656052600575549e+03
1.306432874298785237e+03
1.304215993037581939e+03
1.302005399200115335e+03
1.299801082858347854e+03
1.297603033782512284e+03
1.295411241450340640e+03
1.293225695056056111e+03
1.291046383519149458e+03
1.288873295492942361e+03
1.286706419372935216e+03
1.284545743304950065e+03
1.282391255193076177e+03
1.280242942707418024e+03
1.278100793291654782e+03
1.275964794170408823e+03
1.273834932356441186e+03
1.271711194657662872e+03
1.269593567683976744e+03
1.267482037853953443e+03
1.265376591401335872e+03
1.263277214381395197e+03
1.261183892677114045e+03
1.259096612005234647e+03
1.257015357922149860e+03
1.254940115829645720e+03
1.252870870980508016e+03
1.250807608483988815e+03
1.248750313311139507e+03
1.246698970300008796e+03
1.244653564160716314e+03
1.242614079480397322e+03
1.240580500728027118e+03
1.238552812259127222e+03
1.236530998320351955e+03
1.234515043053961563e+03
1.232504930502190518e+03
1.230500644611496682e+03
1.228502169236716099e+03
1.226509488145106161e+03
1.224522585020288489e+03
1.222541443466104965e+03
1.220566047010356897e+03
1.218596379108473002e+03
1.216632423147069858e+03
1.214674162447428216e+03
1.212721580268884736e+03
1.210774659812135951e+03
1.208833384222456743e+03
1.206897736592844012e+03
1.204967699967076896e+03
1.203043257342695824e+03
1.201124391673917671e+03
1.199211085874462924e+03
1.197303322820325093e+03
1.195401085352455084e+03
1.193504356279388958e+03
1.191613118379803836e+03
1.189727354405008782e+03
1.187847047081371784e+03
1.185972179112682397e+03
1.184102733182452994e+03
1.182238691956174080e+03
1.180380038083485033e+03
1.178526754200312780e+03
1.176678822930945671e+03
1.174836226890048692e+03
1.172998948684629795e+03
1.171166970915960064e+03
1.169340276181434092e+03
1.167518847076388965e+03
1.165702666195864822e+03
1.163891716136334026e+03
1.162085979497369635e+03
1.160285438883275447e+03
1.158490076904674424e+03
1.156699876180049159e+03
1.154914819337247309e+03
1.153134889014936789e+03
1.151360067864028224e+03
1.149590338549061698e+03
1.147825683749543259e+03
1.146066086161256635e+03
1.144311528497531981e+03
1.142561993490482564e+03
1.140817463892202113e+03
1.139077922475935338e+03
1.137343352037209797e+03
1.135613735394937976e+03
1.133889055392486171e+03
1.132169294898716316e+03
1.130454436808993250e+03
1.128744464046165604e+03
1.127039359561519404e+03
1.125339106335694623e+03
1.123643687379592620e+03
1.121953085735232207e+03
1.120267284476604345e+03
1.118586266710484324e+03
1.116910015577227114e+03
1.115238514251531797e+03
1.113571745943195310e+03
1.111909693897823900e+03
1.110252341397541386e+03
1.108599671761659920e+03
1.106951668347340274e+03
1.105308314550223486e+03
