# d_l
# unit = Mpc
0.000000000000000000e+00
7.616891852240959793e+01
1.543860177545438148e+02
2.346150871449254112e+02
3.168199948778893713e+02
4.009647309167509661e+02
4.870134482018744393e+02
5.749305019015389462e+02
6.646804866321875807e+02
7.562282715829120434e+02
8.495390334965283046e+02
9.445782874763571044e+02
1.041311915603630950e+03
1.139706193365160743e+03
1.239727813904583854e+03
1.341343910122930765e+03
1.444522074665508399e+03
1.549230377842160124e+03
1.655437383536742345e+03
1.763112163169307678e+03
1.872224307780966228e+03
1.982743938316679532e+03
2.094641714185651381e+03
2.207888840182183230e+03
2.322457071852255467e+03
2.438318719392672847e+03
2.555446650170275007e+03
2.673814289948778878e+03
2.793395622910251859e+03
2.914165190556998823e+03
3.036098089578048075e+03
3.159169968762383178e+03
3.283357025038578740e+03
3.408635998717873917e+03
3.534984168014758779e+03
3.662379342915973666e+03
3.790799858465616580e+03
3.920224567530689455e+03
4.050632833107958049e+03
4.182004520229618720e+03
4.314319987521796975e+03
4.447560078466536652e+03
4.581706112414583004e+03
4.716739875392989234e+03
4.852643610748457832e+03
4.989400009664175741e+03
5.126992201585020666e+03
5.265403744583130901e+03
5.404618615693158972e+03
5.544621201243935502e+03
5.685396287210805895e+03
5.826929049610656875e+03
5.969205044959378938e+03
6.112210200809548951e+03
6.255930806384186326e+03
6.400353503320567143e+03
6.545465276536534475e+03
6.691253445230118814e+03
6.837705654021830924e+03
6.984809864247761652e+03
7.132554345410228962e+03
7.280927666791822958e+03
7.429918689237368199e+03
7.579516557107764129e+03
7.729710690408305709e+03
7.880490777093898032e+03
8.031846765552269062e+03
8.183768857266118175e+03
8.336247499654298736e+03
8.489273379091680908e+03
8.642837414106930737e+03
8.796930748756876710e+03
8.951544746176066838e+03
9.106670982299365278e+03
9.262301239755586721e+03
9.418427501929634673e+03
9.575041947190529754e+03
9.732136943282470384e+03
9.889705041875931784e+03
1.004773897327577833e+04
1.020623164128304052e+04
1.036517611820713864e+04
1.052456564002520827e+04
1.068439360168504027e+04
1.084465355254824135e+04
1.100533919197016257e+04
1.116644436501315249e+04
1.132796305828950608e+04
1.148988939593101168e+04
1.165221763568125607e+04
1.181494216510765182e+04
1.197805749792961251e+04
1.214155827045971091e+04
1.230543923815451490e+04
1.246969527227178332e+04
1.263432135663115878e+04
1.279931258447497567e+04
1.296466415542635150e+04
1.313037137254150730e+04
1.329642963945348674e+04
1.346283445760445284e+04
1.362958142356371536e+04
1.379666622642900438e+04
1.396408464530801757e+04
1.413183254687822773e+04
1.429990588302188917e+04
1.446830068853425291e+04
1.463701307890253338e+04
1.480603924815318533e+04
1.497537546676560851e+04
1.514501807964980071e+04
1.531496350418615111e+04
1.548520822832511476e+04
1.565574880874511473e+04
1.582658186906646006e+04
1.599770409811964055e+04
1.616911224826625767e+04
1.634080313377061975e+04
1.651277362922072643e+04
1.668502066799661407e+04
1.685754124078488530e+04
1.703033239413760384e+04
1.720339122907432466e+04
1.737671489972567724e+04
1.755030061201733406e+04
1.772414562239283623e+04
1.789824723657415234e+04
1.807260280835869708e+04
1.824720973845160188e+04
1.842206547333210256e+04
1.859716750415293791e+04
1.877251335486294920e+04
1.894810062370149535e+04
1.912392691940758959e+04
1.929998990144373602e+04
1.947628726890180769e+04
1.965281675957924381e+04
1.982957614908142568e+04
2.000656324994953684e+04
2.018377591081291030e+04
2.036121201556523738e+04
2.053886948256375763e+04
2.071674626385073498e+04
2.089484034439670359e+04
2.107314974136434830e+04
2.125167250339282691e+04
2.143040670990176295e+04
2.160935047041395956e+04
2.178850192389690710e+04
2.196785923812173496e+04
2.214742060903975289e+04
2.232718426017557795e+04
2.250714844203647954e+04
2.268731143153754238e+04
2.286767153144196345e+04
2.304822706981621377e+04
2.322897639949944278e+04
2.340991789758684899e+04
2.359104996492643841e+04
2.377237102562889777e+04
2.395387952659011717e+04
2.413557393702593981e+04
2.431745274801894993e+04
2.449951447207667297e+04
2.468175764270109357e+04
2.486418081396905109e+04
2.504678256012310885e+04
2.522956147517272984e+04
2.541251617250551135e+04
2.559564528450783837e+04
2.577894746219512308e+04
2.596242137485099011e+04
2.614606570967549851e+04
2.632987917144169114e+04
2.651386048216076233e+04
2.669800838075503998e+04
2.688232162273907670e+04
2.706679897990830796e+04
2.725143924003502252e+04
2.743624120657169260e+04
2.762120369836131067e+04
2.780632554935446387e+04
2.799160560833315321e+04
2.817704273864082643e+04
2.836263581791902834e+04
2.854838373784985015e+04
2.873428540390445050e+04
2.892033973509721181e+04
2.910654566374573915e+04
2.929290213523601051e+04
2.947940810779306048e+04
2.966606255225674249e+04
2.985286445186251876e+04
3.003981280202718699e+04
3.022690661013916542e+04
3.041414489535381654e+04
3.060152668839283433e+04
3.078905103134828823e+04
3.097671697749087616e+04
3.116452359108235760e+04
3.135246994719204304e+04
3.154055513151709602e+04
3.172877824020697881e+04
3.191713837969134329e+04
3.210563466651180715e+04
3.229426622715703706e+04
3.248303219790159346e+04
3.267193172464802774e+04
3.286096396277207532e+04
3.305012807697142853e+04
3.323942324111742346e+04
3.342884863810972456e+04
3.361840345973420335e+04
3.380808690652350924e+04
3.399789818762059440e+04
3.418783652064496709e+04
3.437790113156157895e+04
3.456809125455257163e+04
3.475840613189122814e+04
3.494884501381869632e+04
3.513940715842305508e+04
3.533009183152092737e+04
3.552089830654103571e+04
3.571182586441045714e+04
3.590287379344288638e+04
3.609404138922901620e+04
3.628532795452916616e+04
3.647673279916794854e+04
3.666825523993086244e+04
3.685989460046286695e+04
3.705165021116907155e+04
3.724352140911704919e+04
3.743550753794111370e+04
3.762760794774838723e+04
3.781982199502660660e+04
3.801214904255364672e+04
3.820458845930869575e+04
3.839713962038509635e+04
3.858980190690473682e+04
3.878257470593424659e+04
3.897545741040210851e+04
3.916844941901810671e+04
3.936155013619356032e+04
3.955475897196328879e+04
3.974807534190895240e+04
3.994149866708367335e+04
4.013502837393807567e+04
4.032866389424759109e+04
4.052240466504109645e+04
4.071625012853071530e+04
4.091019973204291455e+04
4.110425292795080895e+04
4.129840917360754247e+04
4.149266793128101563e+04
4.168702866808944236e+04
4.188149085593831842e+04
4.207605397145824827e+04
4.227071749594389985e+04
4.246548091529406520e+04
4.266034371995256515e+04
4.285530540485030360e+04
4.305036546934824582e+04
4.324552341718129901e+04
4.344077875640310958e+04
4.363613099933193007e+04
4.383157966249718447e+04
4.402712426658700861e+04
4.422276433639659808e+04
4.441849940077757492e+04
4.461432899258779798e+04
4.481025264864246128e+04
4.500626990966557059e+04
4.520238032024235144e+04
4.539858342877257382e+04
4.559487878742434987e+04
4.579126595208879007e+04
4.598774448233544535e+04
4.618431394136833114e+04
4.638097389598267182e+04
4.657772391652236547e+04
4.677456357683807437e+04
4.697149245424595574e+04
4.716851012948708376e+04
4.736561618668735173e+04
4.756281021331832017e+04
4.776009180015813763e+04
4.795746054125356022e+04
4.815491603388231306e+04
4.835245787851604109e+04
4.855008567878372560e+04
4.874779904143588647e+04
4.894559754315892496e+04
4.914348086218477692e+04
4.934144858220083552e+04
4.953950032209438359e+04
4.973763570370222442e+04
4.993585435177814361e+04
5.013415589396020368e+04
5.033253996073903545e+04
5.053100618542639859e+04
5.072955420412413514e+04
5.092818365569352318e+04
5.112689418172541627e+04
5.132568542651043390e+04
5.152455703700966114e+04
5.172350866282594507e+04
5.192253995617536566e+04
5.212165057185937621e+04
5.232084016723690729e+04
5.252010840219743113e+04
5.271945493913387327e+04
5.291887944291622989e+04
5.311838158086555632e+04
5.331796102272787539e+04
5.351761744064931554e+04
5.371735050915042666e+04
5.391715990510198026e+04
5.411704530770041310e+04
5.431700639844380203e+04
5.451704286110812245e+04
5.471715438172386348e+04
5.491734064855305769e+04
5.511760135206634732e+04
5.531793618492072710e+04
5.551834484193719254e+04
5.571882702007899934e+04
5.591938241843001015e+04
5.612001073817353608e+04
5.632071168257109093e+04
5.652148495694193844e+04
5.672233026864243584e+04
5.692324732704591588e+04
5.712423584352280886e+04
5.732529553142070654e+04
5.752642610604542278e+04
5.772762728464126849e+04
5.792889878637259244e+04
5.813024033230487112e+04
5.833165164538627141e+04
5.853313245042950439e+04
5.873468247409385367e+04
5.893630144486736390e+04
5.913798909304935660e+04
5.933974515073323710e+04
5.954156935178911226e+04
5.974346143184726679e+04
5.994542112828121026e+04
6.014744818019149534e+04
6.034954232838917960e+04
6.055170331537992024e+04
6.075393088534815615e+04
6.095622478414139186e+04
6.115858475925482344e+04
6.136101055981591344e+04
6.156350193656914053e+04
6.176605864186174585e+04
6.196868042962817708e+04
6.217136705537606031e+04
6.237411827617177914e+04
6.257693385062611196e+04
6.277981353888015292e+04
6.298275710259161860e+04
6.318576430492113286e+04
6.338883491051862075e+04
6.359196868550978979e+04
6.379516539748319337e+04
6.399842481547703210e+04
6.420174670996605710e+04
6.440513085284912813e+04
6.460857701743632060e+04
6.481208497843673831e+04
6.501565451194589696e+04
6.521928539543354418e+04
6.542297740773208352e+04
6.562673032902397972e+04
6.583054394083051011e+04
6.603441802599994116e+04
6.623835236869601067e+04
6.644234675438656996e+04
6.664640096983237891e+04
6.685051480307600286e+04
6.705468804343075317e+04
6.725892048146980233e+04
6.746321190901554655e+04
6.766756211912889557e+04
6.787197090609882434e+04
6.807643806543201208e+04
6.828096339384226303e+04
6.848554668924094585e+04
6.869018775072621065e+04
6.889488637857366120e+04
6.909964237422622682e+04
6.930445554028457263e+04
6.950932568049713154e+04
6.971425259975127119e+04
6.991923610406310763e+04
7.012427600056881784e+04
7.032937209751502087e+04
7.053452420424997399e+04
7.073973213121430308e+04
