# d_m
# unit = Mpc
0.000000000000000000e+00
7.485566130650597927e+01
1.491525934238812852e+02
2.228843327876791420e+02
2.960449132465523689e+02
3.686288655202387758e+02
4.406312150397911864e+02
5.120474782560581843e+02
5.828736575082260742e+02
6.531062345488785468e+02
7.227421628254046482e+02
7.917788586198876146e+02
8.602141911508255134e+02
9.280464717402023780e+02
9.952744421487504951e+02
1.061897262180653570e+03
1.127914496656629808e+03
1.193326101851393560e+03
1.258132411487924173e+03
1.322334122376980758e+03
1.385932279785910168e+03
1.448928262616034999e+03
1.511323768463065107e+03
1.573120798629805677e+03
1.634321643155290758e+03
1.694928865919296868e+03
1.754945289875971866e+03
1.814373982465242989e+03
1.873218241245698437e+03
1.931481579787778173e+03
1.989167713861480024e+03
2.046280547948362027e+03
2.102824162103359413e+03
2.158802799187986693e+03
2.214220852492760969e+03
2.269082853763157345e+03
2.323393461640216628e+03
2.377157450523928674e+03
2.430379699864774921e+03
2.483065183886336399e+03
2.535218961739612496e+03
2.586846168087679416e+03
2.637952004117486922e+03
2.688541728974003490e+03
2.738620651610515779e+03
2.788194123047627727e+03
2.837267529032487346e+03
2.885846283088831569e+03
2.933935819947715117e+03
2.981541589348154048e+03
3.028669050196410353e+03
3.075323665072291078e+03
3.121510895070501192e+03
3.167236194964948027e+03
3.212505008683771393e+03
3.257322765082788919e+03
3.301694874005154816e+03
3.345626722615059407e+03
3.389123671993429070e+03
3.432191053983813617e+03
3.474834168276778655e+03
3.517058279721473355e+03
3.558868615853193660e+03
3.600270364626187529e+03
3.641268672341102956e+03
3.681868641756985198e+03
3.722075330377880618e+03
3.761893748904586573e+03
3.801328859842360089e+03
3.840385576255760952e+03
3.879068760662165460e+03
3.917383224055796745e+03
3.955333725054540992e+03
3.992924969162029356e+03
4.030161608137927033e+03
4.067048239469614600e+03
4.103589405938799246e+03
4.139789595276871296e+03
4.175653239903171198e+03
4.211184716740583099e+03
4.246388347103163142e+03
4.281268396650774775e+03
4.315829075406020820e+03
4.350074537828909342e+03
4.384008882945033292e+03
4.417636154523234836e+03
4.450960341298948151e+03
4.483985377239596346e+03
4.516715141848742860e+03
4.549153460505695875e+03
4.581304104837660816e+03
4.613170793121539646e+03
4.644757190712775810e+03
4.676066910498715515e+03
4.707103513374117028e+03
4.737870508736684314e+03
4.768371355000481344e+03
4.798609460125338046e+03
4.828588182160425276e+03
4.858310829800312604e+03
4.887780662951934573e+03
4.917000893310961146e+03
4.945974684946246271e+03
4.974705154890981248e+03
5.003195373739496972e+03
5.031448366248442653e+03
5.059467111941426083e+03
5.087254545716124085e+03
5.114813558452919096e+03
5.142146997624335199e+03
5.169257667904423215e+03
5.196148331777443673e+03
5.222821710145157340e+03
5.249280482932185805e+03
5.275527289688820019e+03
5.301564730190811133e+03
5.327395365035703435e+03
5.353021716235202803e+03
5.378446267803322371e+03
5.403671466339812469e+03
5.428699721608692016e+03
5.453533407111480301e+03
5.478174860654952681e+03
5.502626384913131005e+03
5.526890247983358677e+03
5.550968683936217531e+03
5.574863893359161921e+03
5.598578043893727227e+03
5.622113270766169080e+03
5.645471677311451458e+03
5.668655335490468133e+03
5.691666283123340691e+03
5.714506537306800055e+03
5.737178075822276696e+03
5.759682850169072481e+03
5.782022782955225011e+03
5.804199768373145162e+03
5.826215672668254228e+03
5.848072334600634349e+03
5.869771565899673078e+03
5.891315151711768522e+03
5.912704851041081383e+03
5.933942397183375761e+03
5.955029498153060558e+03
5.975967837103322381e+03
5.996759072739559997e+03
6.017404839726111277e+03
6.037906749086253512e+03
6.058266388595725402e+03
6.078485323169606090e+03
6.098565095242830466e+03
6.118507225144268887e+03
6.138313211464494998e+03
6.157984531417333528e+03
6.177522641195222604e+03
6.196928976318510649e+03
6.216204951978724239e+03
6.235351963375936066e+03
6.254371386050264846e+03
6.273264576207626305e+03
6.292032871039800739e+03
6.310677589038892620e+03
6.329200030306302324e+03
6.347601476856229056e+03
6.365883192913856874e+03
6.384046425208269284e+03
6.402092403260166975e+03
6.420022339664489664e+03
6.437837430368062996e+03
6.455538854942242324e+03
6.473127776850757982e+03
6.490605343712747526e+03
6.507972687561149542e+03
6.525230925096419014e+03
6.542381157935772535e+03
6.559424472857918772e+03
6.576361942043465206e+03
6.593194623310999305e+03
6.609923560348920546e+03
6.626549782943162427e+03
6.643074307200821750e+03
6.659498135769767032e+03
6.675822258054349732e+03
6.692047650427195549e+03
6.708175276437281354e+03
6.724206087014221339e+03
6.740141020668944293e+03
6.755981003690742000e+03
6.771726950340846088e+03
6.787379763042489685e+03
6.802940332567628502e+03
6.818409538220299510e+03
6.833788248016721809e+03
6.849077318862197899e+03
6.864277596724830801e+03
6.879389916806220754e+03
6.894415103709057803e+03
6.909353971601780358e+03
6.924207324380313366e+03
6.938975955826931568e+03
6.953660649766327879e+03
6.968262180218893263e+03
6.982781311551343606e+03
6.997218798624640840e+03
7.011575386939359305e+03
7.025851812778439125e+03
7.040048803347493958e+03
7.054167076912642187e+03
7.068207342935880661e+03
7.082170302208164685e+03
7.096056646980124242e+03
7.109867061090500101e+03
7.123602220092377138e+03
7.137262791377185749e+03
7.150849434296582331e+03
7.164362800282216085e+03
7.177803532963407633e+03
7.191172268282834011e+03
7.204469634610180947e+03
7.217696252853861552e+03
7.230852736570809611e+03
7.243939692074434788e+03
7.256957718540641508e+03
7.269907408112128905e+03
7.282789346000869955e+03
7.295604110588843469e+03
7.308352273527075340e+03
7.321034399833004500e+03
7.333651047986171761e+03
7.346202770022319783e+03
7.358690111625912323e+03
7.371113612221083713e+03
7.383473805061050371e+03
7.395771217316062575e+03
7.408006370159850121e+03
7.420179778854650976e+03
7.432291952834797485e+03
7.444343395788946509e+03
7.456334605740915322e+03
7.468266075129229648e+03
7.480138290885252900e+03
7.491951734510173992e+03
7.503706882150611818e+03
7.515404204673023742e+03
7.527044167736911731e+03
7.538627231866786133e+03
7.550153852523004389e+03
7.561624480171423784e+03
7.573039560351942782e+03
7.584399533745917324e+03
7.595704836242494821e+03
7.606955899003883133e+03
7.618153148529546343e+03
7.629297006719412821e+03
7.640387890936008262e+03
7.651426214065653767e+03
7.662412384578658930e+03
7.673346806588541767e+03
7.684229879910354612e+03
7.695062000118025026e+03
7.705843558600842698e+03
7.716574942619025933e+03
7.727256535358413203e+03
7.737888715984304326e+03
7.748471859694454906e+03
7.759006337771241306e+03
7.769492517633000716e+03
7.779930762884586329e+03
7.790321433367143072e+03
7.800664885207069347e+03
7.810961470864283001e+03
7.821211539179687861e+03
7.831415435421927214e+03
7.841573501333444256e+03
7.851686075175794031e+03
7.861753491774279610e+03
7.871776082561923431e+03
7.881754175622739240e+03
7.891688095734364651e+03
7.901578164410044337e+03
7.911424699939970196e+03
7.921228017432010347e+03
7.930988428851810568e+03
7.940706243062291833e+03
7.950381765862592147e+03
7.960015300026356272e+03
7.969607145339513409e+03
7.979157598637476440e+03
7.988666953841780924e+03
7.998135501996162020e+03
8.007563531302148476e+03
8.016951321724305672e+03
8.026299166603243975e+03
8.035607340529850262e+03
8.044876120681993598e+03
8.054105781565417601e+03
8.063296595046328548e+03
8.072448830383423228e+03
8.081562754259506619e+03
8.090638630812653901e+03
8.099676721666878620e+03
8.108677285962377027e+03
8.117640580385373141e+03
8.126566859197485428e+03
8.135456374264683291e+03
8.144309375085852480e+03
8.153126108820924856e+03
8.161906820318637983e+03
8.170651752143845442e+03
8.179361144604517904e+03
8.188035235778285823e+03
8.196674261538655628e+03
8.205278455580857553e+03
8.213848049447267840e+03
8.222383272552589915e+03
8.230884352208533528e+03
8.239351513648291075e+03
8.247784980050597369e+03
8.256184972563458359e+03
8.264551710327561523e+03
8.272885410499364298e+03
8.281186288273873288e+03
8.289454556907076039e+03
8.297690427738109065e+03
8.305894110211076622e+03
8.314065811896603918e+03
8.322205738513082906e+03
8.330314093947634319e+03
8.338391080276758657e+03
8.346436897786763438e+03
8.354451744993846660e+03
8.362435818663961982e+03
8.370389313832391053e+03
8.378312423823026620e+03
8.386205340267491920e+03
8.394068253123858085e+03
8.401901350695261499e+03
8.409704819648166449e+03
8.417478845030424054e+03
8.425223610289094722e+03
8.432939297288034140e+03
8.440626086325224605e+03
8.448284156149908085e+03
8.455913683979486450e+03
8.463514845516157948e+03
8.471087814963419078e+03
8.478632765042255414e+03
8.486149867007216017e+03
8.493639290662180429e+03
8.501101204375998350e+03
8.508535775097898295e+03
8.515943168372694345e+03
8.523323548355807361e+03
8.530677077828066103e+03
8.538003918210319171e+03
8.545304229577959632e+03
8.552578170675074944e+03
8.559825898928587776e+03
8.567047570462147632e+03
8.574243340109827841e+03
8.581413361429660654e+03
8.588557786717039562e+03
8.595676767017910606e+03
8.602770452141812711e+03
8.609838990674721572e+03
8.616882529991806223e+03
8.623901216269954602e+03
8.630895194500153593e+03
8.637864608499765382e+03
8.644809600924578262e+03
8.651730313280782866e+03
8.658626885936719191e+03
8.665499458134527231e+03
8.672348168001693921e+03
8.679173152562336327e+03
8.685974547748470286e+03
8.692752488411077138e+03
8.699507108331043128e+03
8.706238540229964201e+03
8.712946915780838026e+03
8.719632365618608674e+03
8.726295019350576695e+03
8.732935005566692780e+03
8.739552451849740464e+03
8.746147484785367851e+03
8.752720229972021116e+03
8.759270812030756133e+03
8.765799354614884578e+03
8.772305980419627303e+03
8.778790811191465764e+03
8.785253967737580751e+03
8.791695569935034655e+03
8.798115736739911881e+03
8.804514586196302844e+03
8.810892235445282495e+03
8.817248800733621465e+03
8.823584397422566326e+03
8.829899139996379745e+03
8.836193142070875183e+03
8.842466516401787885e+03
