# h
# unit = 1.0/Mpc
2.335048338198492861e-04
2.352435996366555935e-04
2.370299476902840055e-04
2.388638433278182161e-04
2.407452247883333735e-04
2.426740043480728876e-04
2.446500694887965093e-04
2.466732840830313379e-04
2.487434895901907087e-04
2.508605062578009195e-04
2.530241343223808229e-04
2.552341552048546813e-04
2.574903326957354117e-04
2.597924141256828111e-04
2.621401315174272731e-04
2.645332027154315277e-04
2.669713324900512409e-04
2.694542136133353796e-04
2.719815279039851440e-04
2.745529472393480586e-04
2.771681345326781291e-04
2.798267446742221348e-04
2.825284254350103976e-04
2.852728183325232611e-04
2.880595594576803925e-04
2.908882802628568647e-04
2.937586083108572818e-04
2.966701679849969697e-04
2.996225811606235165e-04
3.026154678385873167e-04
3.056484467413140248e-04
3.087211358722685424e-04
3.118331530397044113e-04
3.149841163456981903e-04
3.181736446415359435e-04
3.214013579505939377e-04
3.246668778598969557e-04
3.279698278815811638e-04
3.313098337855132432e-04
3.346865239043299127e-04
3.380995294121735134e-04
3.415484845783948293e-04
3.450330269974823355e-04
3.485527977964682851e-04
3.521074418210325542e-04
3.556966078015081430e-04
3.593199484999522251e-04
3.629771208394254388e-04
3.666677860165732717e-04
3.703916095985781845e-04
3.741482616055014586e-04
3.779374165789989542e-04
3.817587536383525160e-04
3.856119565247147457e-04
3.894967136344278363e-04
3.934127180422299975e-04
3.973596675151270640e-04
4.013372645176626935e-04
4.053452162092847314e-04
4.093832344344617864e-04
4.134510357061735417e-04
4.175483411833542545e-04
4.216748766428401627e-04
4.258303724463360137e-04
4.300145635028795508e-04
4.342271892272603546e-04
4.384679934948099676e-04
4.427367245929604458e-04
4.470331351699355750e-04
4.513569821809169263e-04
4.557080268320028551e-04
4.600860345222498177e-04
4.644907747840751875e-04
4.689220212222677928e-04
4.733795514518399300e-04
4.778631470349386156e-04
4.823725934170079244e-04
4.869076798623896032e-04
4.914681993895220419e-04
4.960539487058972501e-04
5.006647281429065953e-04
5.053003415907107720e-04
5.099605964332418282e-04
5.146453034834471297e-04
5.193542769188669349e-04
5.240873342176330732e-04
5.288442960949639709e-04
5.336249864402258479e-04
5.384292322546221010e-04
5.432568635895626986e-04
5.481077134857655206e-04
5.529816179131297584e-04
5.578784157114183469e-04
5.627979485317828210e-04
5.677400607791551011e-04
5.727045995555348282e-04
5.776914146041826599e-04
5.827003582547458710e-04
5.877312853693199453e-04
5.927840532894587374e-04
5.978585217841424172e-04
6.029545529987034164e-04
6.080720114047140617e-04
6.132107637508357875e-04
6.183706790146296017e-04
6.235516283553197824e-04
6.287534850675108051e-04
6.339761245358477423e-04
6.392194241906138481e-04
6.444832634642563276e-04
6.497675237488285830e-04
6.550720883543437309e-04
6.603968424680199852e-04
6.657416731144148682e-04
6.711064691164284101e-04
6.764911210571652534e-04
6.818955212426441696e-04
6.873195636653369909e-04
6.927631439685252466e-04
6.982261594114618202e-04
7.037085088353198454e-04
7.092100926299147465e-04
7.147308127011879316e-04
7.202705724394332714e-04
7.258292766882543318e-04
7.314068317142364195e-04
7.370031451773195654e-04
7.426181261018550972e-04
7.482516848483378863e-04
7.539037330857887914e-04
7.595741837647858883e-04
7.652629510911206339e-04
7.709699505000692068e-04
7.766950986312633025e-04
7.824383133041493263e-04
7.881995134940203689e-04
7.939786193086082822e-04
7.997755519652225168e-04
8.055902337684242315e-04
8.114225880882217946e-04
8.172725393387746682e-04
8.231400129575966755e-04
8.290249353852431483e-04
8.349272340454713280e-04
8.408468373258661064e-04
8.467836745589113739e-04
8.527376760035077332e-04
8.587087728269152207e-04
8.646968970871161562e-04
8.707019817155872785e-04
8.767239605004701090e-04
8.827627680701289172e-04
8.888183398770900003e-04
8.948906121823489409e-04
9.009795220400384705e-04
9.070850072824495659e-04
9.132070065053938526e-04
9.193454590539014600e-04
9.255003050082444629e-04
9.316714851702781030e-04
9.378589410500935003e-04
9.440626148529699313e-04
9.502824494666250446e-04
9.565183884487502225e-04
9.627703760148285939e-04
9.690383570262223623e-04
9.753222769785315112e-04
9.816220819902096804e-04
9.879377187914332049e-04
9.942691347132185439e-04
1.000616277676779318e-03
1.006979096183120573e-03
1.013357539302859852e-03
1.019751556666272270e-03
1.026161098453555682e-03
1.032586115385305528e-03
1.039026558713198071e-03
1.045482380210876160e-03
1.051953532165033831e-03
1.058439967366688701e-03
1.064941639102646477e-03
1.071458501147147611e-03
1.077990507753690463e-03
1.084537613647030543e-03
1.091099774015348665e-03
1.097676944502588891e-03
1.104269081200949130e-03
1.110876140643539791e-03
1.117498079797190312e-03
1.124134856055409226e-03
1.130786427231487328e-03
1.137452751551747002e-03
1.144133787648930973e-03
1.150829494555727882e-03
1.157539831698425588e-03
1.164264758890704108e-03
1.171004236327546737e-03
1.177758224579280189e-03
1.184526684585730317e-03
1.191309577650504457e-03
1.198106865435379824e-03
1.204918509954810502e-03
1.211744473570540047e-03
1.218584718986327926e-03
1.225439209242770288e-03
1.232307907712235215e-03
1.239190778093888189e-03
1.246087784408821857e-03
1.252998890995274481e-03
1.259924062503950740e-03
1.266863263893422973e-03
1.273816460425630879e-03
1.280783617661461656e-03
1.287764701456418394e-03
1.294759677956371308e-03
1.301768513593387676e-03
1.308791175081641146e-03
1.315827629413407127e-03
1.322877843855118241e-03
1.329941785943507824e-03
1.337019423481818244e-03
1.344110724536084914e-03
1.351215657431482095e-03
1.358334190748745895e-03
1.365466293320655167e-03
1.372611934228582875e-03
1.379771082799106452e-03
1.386943708600684279e-03
1.394129781440386386e-03
1.401329271360694535e-03
1.408542148636347628e-03
1.415768383771253466e-03
1.423007947495452761e-03
1.430260810762136502e-03
1.437526944744717955e-03
1.444806320833953240e-03
1.452098910635120019e-03
1.459404685965235435e-03
1.466723618850334114e-03
1.474055681522783677e-03
1.481400846418654904e-03
1.488759086175130706e-03
1.496130373627965835e-03
1.503514681808986722e-03
1.510911983943633366e-03
1.518322253448548724e-03
1.525745463929202355e-03
1.533181589177558084e-03
1.540630603169779829e-03
1.548092480063977547e-03
1.555567194197988957e-03
1.563054720087199857e-03
1.570555032422401307e-03
1.578068106067675872e-03
1.585593916058331996e-03
1.593132437598857899e-03
1.600683646060918185e-03
1.608247516981380380e-03
1.615824026060373557e-03
1.623413149159377757e-03
1.631014862299345718e-03
1.638629141658854305e-03
1.646255963572285878e-03
1.653895304528034361e-03
1.661547141166750795e-03
1.669211450279602105e-03
1.676888208806570852e-03
1.684577393834770388e-03
1.692278982596797082e-03
1.699992952469099030e-03
1.707719280970374041e-03
1.715457945759995802e-03
1.723208924636456755e-03
1.730972195535843052e-03
1.738747736530325784e-03
1.746535525826679956e-03
1.754335541764824070e-03
1.762147762816382041e-03
1.769972167583269175e-03
1.777808734796292468e-03
1.785657443313781907e-03
1.793518272120232402e-03
1.801391200324974984e-03
1.809276207160858633e-03
1.817173271982960945e-03
1.825082374267306606e-03
1.833003493609618607e-03
1.840936609724073796e-03
1.848881702442084886e-03
1.856838751711101113e-03
1.864807737593416909e-03
1.872788640265009861e-03
1.880781440014385377e-03
1.888786117241445656e-03
1.896802652456366011e-03
1.904831026278497666e-03
1.912871219435277256e-03
1.920923212761153692e-03
1.928986987196536478e-03
1.937062523786745993e-03
1.945149803680996069e-03
1.953248808131368558e-03
1.961359518491824754e-03
1.969481916217214433e-03
1.977615982862303539e-03
1.985761700080819220e-03
1.993919049624497900e-03
2.002088013342161101e-03
2.010268573178786936e-03
2.018460711174607618e-03
2.026664409464210437e-03
2.034879650275657394e-03
2.043106415929612629e-03
2.051344688838478529e-03
2.059594451505552658e-03
2.067855686524184677e-03
2.076128376576954516e-03
2.084412504434851859e-03
2.092708052956477292e-03
2.101015005087239571e-03
2.109333343858578892e-03
2.117663052387188001e-03
2.126004113874246752e-03
2.134356511604675304e-03
2.142720228946378650e-03
2.151095249349521937e-03
2.159481556345795375e-03
2.167879133547701703e-03
2.176287964647851021e-03
2.184708033418254758e-03
2.193139323709644359e-03
2.201581819450779999e-03
2.210035504647786617e-03
2.218500363383484313e-03
2.226976379816731320e-03
2.235463538181777822e-03
2.243961822787624971e-03
2.252471218017393015e-03
2.260991708327691595e-03
2.269523278248009555e-03
2.278065912380099547e-03
2.286619595397379554e-03
2.295184312044330939e-03
2.303760047135919482e-03
2.312346785557008611e-03
2.320944512261784339e-03
2.329553212273188442e-03
2.338172870682362486e-03
2.346803472648087072e-03
2.355445003396237132e-03
2.364097448219242437e-03
2.372760792475548091e-03
2.381435021589090213e-03
2.390120121048772053e-03
2.398816076407944437e-03
2.407522873283899235e-03
2.416240497357362814e-03
2.424968934371997745e-03
2.433708170133906234e-03
2.442458190511148739e-03
2.451218981433253476e-03
2.459990528890748044e-03
2.468772818934681507e-03
2.477565837676160791e-03
2.486369571285890114e-03
2.495184005993715190e-03
2.504009128088170895e-03
2.512844923916036314e-03
2.521691379881893687e-03
2.530548482447694727e-03
2.539416218132323471e-03
2.548294573511177778e-03
2.557183535215738681e-03
2.566083089933159696e-03
2.574993224405851787e-03
2.583913925431074402e-03
2.592845179860531722e-03
2.601786974599971502e-03
2.610739296608794325e-03
2.619702132899655485e-03
2.628675470538084646e-03
2.637659296642097702e-03
2.646653598381822504e-03
2.655658362979115925e-03
2.664673577707205206e-03
2.673699229890308480e-03
2.682735306903276992e-03
2.691781796171237306e-03
2.700838685169230924e-03
2.709905961421864729e-03
2.718983612502964484e-03
2.728071626035221374e-03
2.737169989689864150e-03
2.746278691186304806e-03
2.755397718291819394e-03
2.764527058821204114e-03
2.773666700636458725e-03
2.782816631646450444e-03
2.791976839806603865e-03
2.801147313118571795e-03
