# mu
-inf
3.440888894672863074e+01
3.594303982562626487e+01
3.685177968197319842e+01
3.750406291305807827e+01
3.801553086756636901e+01
3.843770476910424350e+01
3.879807674984082411e+01
3.911306464577111797e+01
3.939326454711446956e+01
3.964591669026134468e+01
3.987618979228437865e+01
4.008790418998810878e+01
4.028396454156936102e+01
4.046663172462203306e+01
4.063770070924261546e+01
4.079862091481304986e+01
4.095058002096564564e+01
4.109456379164772954e+01
4.123139970754320416e+01
4.136178939774679009e+01
4.148633315409092859e+01
4.160554874066650655e+01
4.171988602166547366e+01
4.182973847634242048e+01
4.193545236413662280e+01
4.203733409329542781e+01
4.213565620002382417e+01
4.223066224148251990e+01
4.232257083139426612e+01
4.241157899269547471e+01
4.249786496160842120e+01
4.258159054763045503e+01
4.266290313141777091e+01
4.274193736540402000e+01
4.281881662883273520e+01
4.289365427868915503e+01
4.296655473005880310e+01
4.303761439318041937e+01
4.310692248950262240e+01
4.317456176509978150e+01
4.324060911663003282e+01
4.330513614245762710e+01
4.336820962948323199e+01
4.342989198452940514e+01
4.349024161773746044e+01
4.354931328428492066e+01
4.360715838978397585e+01
4.366382526393149988e+01
4.371935940632228323e+01
4.377380370778425345e+01
4.382719865012968086e+01
4.387958248682302553e+01
4.393099140673372460e+01
4.398145968285828644e+01
4.403101980765510604e+01
4.407970261642803678e+01
4.412753740001762992e+01
4.417455200790576697e+01
4.422077294270776804e+01
4.426622544691150551e+01
4.431093358262427273e+01
4.435492030500155636e+01
4.439820752995704822e+01
4.444081619668699545e+01
4.448276632548497389e+01
4.452407707127196090e+01
4.456476677322270064e+01
4.460485300082959981e+01
4.464435259671111567e+01
4.468328171644065350e+01
4.472165586564501183e+01
4.475948993459702763e+01
4.479679823050572907e+01
4.483359450768804777e+01
4.486989199578908938e+01
4.490570342620250699e+01
4.494104105682897909e+01
4.497591669529838043e+01
4.501034172077012130e+01
4.504432710441638221e+01
4.507788342868374798e+01
4.511102090542078713e+01
4.514374939295186095e+01
4.517607841217066778e+01
4.520801716172118034e+01
4.523957453232810622e+01
4.527075912033405558e+01
4.530157924049624540e+01
4.533204293809120600e+01
4.536215800037258816e+01
4.539193196742337477e+01
4.542137214244105792e+01
4.545048560149120931e+01
4.547927920276244862e+01
4.550775959535336312e+01
4.553593322761979323e+01
4.556380635510870292e+01
4.559138504810339043e+01
4.561867519880263444e+01
4.564568252815517724e+01
4.567241259236929807e+01
4.569887078911600042e+01
4.572506236344300845e+01
4.575099241341578704e+01
4.577666589550057097e+01
4.580208762970357839e+01
4.582726230447960347e+01
4.585219448142224508e+01
4.587688859974755928e+01
4.590134898058189350e+01
4.592557983106409836e+01
4.594958524827175950e+01
4.597336922298048023e+01
4.599693564326459239e+01
4.602028829794738840e+01
4.604343087990828565e+01
4.606636698925406392e+01
4.608910013636076997e+01
4.611163374479262700e+01
4.613397115410387528e+01
4.615611562252909295e+01
4.617807032956733337e+01
4.619983837846503150e+01
4.622142279860243264e+01
4.624282654778801316e+01
4.626405251446500699e+01
4.628510351983424442e+01
4.630598231989690561e+01
4.632669160742082681e+01
4.634723401383381258e+01
4.636761210979685188e+01
4.638782841189303241e+01
4.640788537702248107e+01
4.642778540883462313e+01
4.644753085811717597e+01
4.646712402431354860e+01
4.648656715698658104e+01
4.650586245723097534e+01
4.652501207903647895e+01
4.654401813060388804e+01
4.656288267561583893e+01
4.658160773446411440e+01
4.660019528543545420e+01
4.661864726585724128e+01
4.663696557320496083e+01
4.665515206617273947e+01
4.667320856570855625e+01
4.669113685601538322e+01
4.670893868551974037e+01
4.672661576780878079e+01
4.674416978253720600e+01
4.676160237630512029e+01
4.677891516350798184e+01
4.679610972715958894e+01
4.681318761968927333e+01
4.683015036371415363e+01
4.684699945278737232e+01
4.686373635212321886e+01
4.688036249930007671e+01
4.689687930494183377e+01
4.691328815337861613e+01
4.692959040328770470e+01
4.694578738831504694e+01
4.696188041767842947e+01
4.697787077675265266e+01
4.699375972763743903e+01
4.700954850970880727e+01
4.702523834015426729e+01
4.704083041449254665e+01
4.705632590707833174e+01
4.707172597159251382e+01
4.708703174151851556e+01
4.710224433060506044e+01
4.711736483331587522e+01
4.713239432526686556e+01
4.714733386365097090e+01
4.716218448765133076e+01
4.717694721884302567e+01
4.719162306158369091e+01
4.720621300339362136e+01
4.722071801532541002e+01
4.723513905232365317e+01
4.724947705357497085e+01
4.726373294284866233e+01
4.727790762882830222e+01
4.729200200543452581e+01
4.730601695213933056e+01
4.731995333427213524e+01
4.733381200331783134e+01
4.734759379720713213e+01
4.736129954059939706e+01
4.737493004515819450e+01
4.738848610981978737e+01
4.740196852105484027e+01
4.741537805312346165e+01
4.742871546832378726e+01
4.744198151723438173e+01
4.745517693895057221e+01
4.746830246131487741e+01
4.748135880114180196e+01
4.749434666443698205e+01
4.750726674661110849e+01
4.752011973268850653e+01
4.753290629751074903e+01
4.754562710593524599e+01
4.755828281302917304e+01
4.757087406425867471e+01
4.758340149567358424e+01
4.759586573408775223e+01
4.760826739725512624e+01
4.762060709404173053e+01
4.763288542459349628e+01
4.764510298050035431e+01
4.765726034495635588e+01
4.766935809291621240e+01
4.768139679124816865e+01
4.769337699888342286e+01
4.770529926696210055e+01
4.771716413897593867e+01
4.772897215090773670e+01
4.774072383136768849e+01
4.775241970172660899e+01
4.776406027624626915e+01
4.777564606220677490e+01
4.778717756003111106e+01
4.779865526340704207e+01
4.781007965940620608e+01
4.782145122860073627e+01
4.783277044517723908e+01
4.784403777704835647e+01
4.785525368596194795e+01
4.786641862760784960e+01
4.787753305172242335e+01
4.788859740219083960e+01
4.789961211714719980e+01
4.791057762907253448e+01
4.792149436489076209e+01
4.793236274606260849e+01
4.794318318867757966e+01
4.795395610354403004e+01
4.796468189627732670e+01
4.797536096738627975e+01
4.798599371235766853e+01
4.799658052173916190e+01
4.800712178122046225e+01
4.801761787171287210e+01
4.802806916942718374e+01
4.803847604595001997e+01
4.804883886831868267e+01
4.805915799909445241e+01
4.806943379643445979e+01
4.807966661416210741e+01
4.808985680183613454e+01
4.810000470481824664e+01
4.811011066433955818e+01
4.812017501756555760e+01
4.813019809765995660e+01
4.814018023384721801e+01
4.815012175147391105e+01
4.816002297206887306e+01
4.816988421340219872e+01
4.817970578954317062e+01
4.818948801091696765e+01
4.819923118436042841e+01
4.820893561317664933e+01
4.821860159718865191e+01
4.822822943279194874e+01
4.823781941300622123e+01
4.824737182752592446e+01
4.825688696277007494e+01
4.826636510193101515e+01
4.827580652502233960e+01
4.828521150892589731e+01
4.829458032743799833e+01
4.830391325131468250e+01
4.831321054831627038e+01
4.832247248325103328e+01
4.833169931801810293e+01
4.834089131164957109e+01
4.835004872035192847e+01
4.835917179754666506e+01
4.836826079391016719e+01
4.837731595741299628e+01
4.838633753335831500e+01
4.839532576441977341e+01
4.840428089067868456e+01
4.841320314966051086e+01
4.842209277637078202e+01
4.843095000333033084e+01
4.843977506060994642e+01
4.844856817439374197e+01
4.845732957285908071e+01
4.846605947749350207e+01
4.847475810890234982e+01
4.848342568540541464e+01
4.849206242306822645e+01
4.850066853573272851e+01
4.850924423504746841e+01
4.851778973049728449e+01
4.852630522943250924e+01
4.853479093709765380e+01
4.854324705665959527e+01
4.855167378923540866e+01
4.856007133391958774e+01
4.856843988781090360e+01
4.857677964603882259e+01
4.858509080178947670e+01
4.859337354633117201e+01
4.860162806903957033e+01
4.860985455742235217e+01
4.861805319714359541e+01
4.862622417204764247e+01
4.863436766418269031e+01
4.864248385382394702e+01
4.865057291949639762e+01
4.865863503799727141e+01
4.866667038441809723e+01
4.867467913216645314e+01
4.868266145298731118e+01
4.869061751698410490e+01
4.869854749263948435e+01
4.870645154683561628e+01
4.871432984487434936e+01
4.872218255049692459e+01
4.873000982590346553e+01
4.873781183177207765e+01
4.874558872727778436e+01
4.875334067011102945e+01
4.876106781649601629e+01
4.876877032120866318e+01
4.877644833759437404e+01
4.878410201758549647e+01
4.879173151171850975e+01
4.879933696915095709e+01
4.880691853767815047e+01
4.881447636374960553e+01
4.882201059248519925e+01
4.882952136769114304e+01
4.883700883187571407e+01
4.884447312626465276e+01
4.885191439081651055e+01
4.885933276423759253e+01
4.886672838399680785e+01
4.887410138634023582e+01
4.888145190630549308e+01
4.888878007773591605e+01
4.889608603329449465e+01
4.890336990447762844e+01
4.891063182162871215e+01
4.891787191395144418e+01
4.892509030952305693e+01
4.893228713530723439e+01
4.893946251716695173e+01
4.894661657987704473e+01
4.895374944713670118e+01
4.896086124158165376e+01
4.896795208479629480e+01
4.897502209732559209e+01
4.898207139868681992e+01
4.898910010738114806e+01
4.899610834090504596e+01
4.900309621576156616e+01
4.901006384747142874e+01
4.901701135058397085e+01
4.902393883868793978e+01
4.903084642442216534e+01
4.903773421948604039e+01
4.904460233464986629e+01
4.905145087976509899e+01
4.905827996377440314e+01
4.906508969472162107e+01
4.907188017976151428e+01
4.907865152516951923e+01
4.908540383635121884e+01
4.909213721785179985e+01
4.909885177336529694e+01
4.910554760574379429e+01
4.911222481700646370e+01
4.911888350834843209e+01
4.912552378014964916e+01
4.913214573198352753e+01
4.913874946262552612e+01
4.914533507006160562e+01
4.915190265149657023e+01
4.915845230336230998e+01
4.916498412132590090e+01
4.917149820029769103e+01
4.917799463443912344e+01
4.918447351717063043e+01
4.919093494117931442e+01
4.919737899842655793e+01
4.920380578015554818e+01
4.921021537689867387e+01
4.921660787848487928e+01
4.922298337404689050e+01
4.922934195202832086e+01
4.923568370019075502e+01
4.924200870562067678e+01
4.924831705473634713e+01
