# bin_1_1
3.051826036683874738e-05
3.016532173617520444e-05
2.981239020920237794e-05
2.945953581250579096e-05
2.910680305315777058e-05
2.875425971930143724e-05
2.840199368834161019e-05
2.805006418824878910e-05
2.769855880639458446e-05
2.734753793278518711e-05
2.699704733872154800e-05
2.664714405030677217e-05
2.629786733398416018e-05
2.594927227393838926e-05
2.560144057862338981e-05
2.525444370378728304e-05
2.490837787860831687e-05
2.456331037822502881e-05
2.421930219457528154e-05
2.387641638026490227e-05
2.353471426151833431e-05
2.319427518346436578e-05
2.285519049014323514e-05
2.251752717858195154e-05
2.218134982370824292e-05
2.184669704816528902e-05
2.151362703501312400e-05
2.118223130951910350e-05
2.085261367066832411e-05
2.052486024938287912e-05
2.019902755006311947e-05
1.987515142529617287e-05
1.955330455553432972e-05
1.923356897483366874e-05
1.891601950419577414e-05
1.860070410848529708e-05
1.828768230571913936e-05
1.797704882632561289e-05
1.766889759599831917e-05
1.736326353555335458e-05
1.706017885636691107e-05
1.675970956237396884e-05
1.646195110757426027e-05
1.616696160926293802e-05
1.587478577497625576e-05
1.558549271955900157e-05
1.529914078782483944e-05
1.501574633985251720e-05
1.473536930768957982e-05
1.445809781359521695e-05
1.418397313526507273e-05
1.391301103535355318e-05
1.364527188632007375e-05
1.338079222169786231e-05
1.311961507493615603e-05
1.286180492543179475e-05
1.260736910729793499e-05
1.235632348728183914e-05
1.210873365825353021e-05
1.186461558004613710e-05
1.162400351806997113e-05
1.138689785525964412e-05
1.115332922171049931e-05
1.092333865530225886e-05
1.069692033481101995e-05
1.047408451359969113e-05
1.025484850771998684e-05
1.003923542533598623e-05
9.827226760995525650e-06
9.618830066003697862e-06
9.414057795004762550e-06
9.212896770893908022e-06
9.015337143782798686e-06
8.821389883941047443e-06
8.631032600552343114e-06
8.444247639614242980e-06
8.261033747428540118e-06
8.081361350255609997e-06
7.905212658143983000e-06
7.732576071129478729e-06
7.563412790291655782e-06
7.397706849564083376e-06
7.235421475367769296e-06
7.076529069299889708e-06
6.920999272754695557e-06
6.768791684217710554e-06
6.619877722588949000e-06
6.474209759952502236e-06
6.331756292396255926e-06
6.192469000427846289e-06
6.056311047055402611e-06
5.923233742463678643e-06
5.793192598626084731e-06
5.666138623911914693e-06
5.542028141106595664e-06
5.420808113183314808e-06
5.302431607517190940e-06
5.186844909715893827e-06
5.073999169973213635e-06
4.963839966631927389e-06
4.856314938820335494e-06
4.751371309093204063e-06
4.648956406869110357e-06
4.549013797599444321e-06
4.451491666442929318e-06
4.356334518413425952e-06
4.263489619587344991e-06
4.172900826511847322e-06
4.084514778161344165e-06
3.998278375926025884e-06
3.914136487961251360e-06
3.832034696834925860e-06
3.751924155393769610e-06
3.673748955633584773e-06
3.597459482497731014e-06
3.523001822818614595e-06
3.450325199311507227e-06
3.379382587699725272e-06
3.310122206722249488e-06
3.242493972339664052e-06
3.176454231153524391e-06
3.111952960772890519e-06
3.048945979962916127e-06
2.987386145481166393e-06
2.927227918633786426e-06
2.868432812071024083e-06
2.810955353956261231e-06
2.754753292998256543e-06
2.699791072484882086e-06
2.646024534384545343e-06
2.593418910830798510e-06
2.541934594214509069e-06
2.491532745003912738e-06
2.442185340614863192e-06
2.393854874804279446e-06
2.346507692183784396e-06
2.300116426797737626e-06
2.254644839386848949e-06
2.210067662614622809e-06
2.166352862471893091e-06
2.123469304815370973e-06
2.081399588955004532e-06
2.040112826836826521e-06
1.999584827540073292e-06
1.959796015229112152e-06
1.920717041690110746e-06
1.882332970631495165e-06
1.844617709945295609e-06
1.807547516736183067e-06
1.771114785995777679e-06
1.735294447590010548e-06
1.700070627449432188e-06
1.665429799683042674e-06
1.631348473801851283e-06
1.597821581151651734e-06
1.564827970242660605e-06
1.532349481069584766e-06
1.500387282601999542e-06
1.468920138429692639e-06
1.437939348211730961e-06
1.407435553764780301e-06
1.377389982755221579e-06
1.347807098248552665e-06
1.318668118359378653e-06
1.289959114510731069e-06
1.261688366061196296e-06
1.233836819568465825e-06
1.206402490479196114e-06
1.179378114014882691e-06
1.152747443657566961e-06
1.126523882697302250e-06
1.100689183103609221e-06
1.075232661994635736e-06
1.050167855610010140e-06
1.025475629160461890e-06
1.001160285600111065e-06
9.772151272544076857e-07
9.536247617537786408e-07
9.304100598275115711e-07
9.075511819129367094e-07
8.850410143567403285e-07
8.628961525334185173e-07
8.410950359272293615e-07
8.196482329267507149e-07
7.985488014386434816e-07
7.777800995943658866e-07
7.573692353399480336e-07
7.372940858628441424e-07
7.175506039284082297e-07
6.981559367720623533e-07
6.790861216007601683e-07
6.603570907875597438e-07
6.419601110053854270e-07
6.238775100422790332e-07
6.061404891259216389e-07
5.887238410109718862e-07
5.716276512296218371e-07
5.548661836062561184e-07
5.384148939137252805e-07
5.222932780316215726e-07
5.064903623133260839e-07
4.909879576025873700e-07
4.758188739387780204e-07
4.609552518862505177e-07
4.464007288398953389e-07
4.321655166143553504e-07
4.182247643981595021e-07
4.046008773183998055e-07
3.912799038320785402e-07
3.782443234401557898e-07
3.655261094435020955e-07
3.530955966501831432e-07
3.409592541790730859e-07
3.291226651234458447e-07
3.175612950428768395e-07
3.062995373143668000e-07
2.953204794709545180e-07
2.846084711218019791e-07
2.741926672796627327e-07
2.640428462590554725e-07
2.541678807115439837e-07
2.445691338488303550e-07
2.352237567499650932e-07
2.261570548822002088e-07
2.173498540276506731e-07
2.087893259216094523e-07
2.005006091954476258e-07
1.924548062795649675e-07
1.846626613568105959e-07
1.771216194739935331e-07
1.698103879135476231e-07
1.627525808121118568e-07
