# bin_4_4
3.009450270771277572e-04
2.959359105973808561e-04
2.909710642900960363e-04
2.860511597212238798e-04
2.811773855318821028e-04
2.763503686954310872e-04
2.715712071539712422e-04
2.668405038572161628e-04
2.621592630841621300e-04
2.575280924270736765e-04
2.529478987226162949e-04
2.484192596829797582e-04
2.439429533145940710e-04
2.395195357082887321e-04
2.351497416962243026e-04
2.308339663320508944e-04
2.265728458826570218e-04
2.223667838561978508e-04
2.182162716409145951e-04
2.141216665664441631e-04
2.100834334506224144e-04
2.061018273683803883e-04
2.021772082163199986e-04
1.983097352165266042e-04
1.944996810865529558e-04
1.907471507105902564e-04
1.870523413190491391e-04
1.834153039090069602e-04
1.798361377056631742e-04
1.763148309531358687e-04
1.728513721560190439e-04
1.694456165573141298e-04
1.660974956839899805e-04
1.628068310023128194e-04
1.595734792622329119e-04
1.563971914577240918e-04
1.532777498440458807e-04
1.502148358903693411e-04
1.472081616127175567e-04
1.442573313033569660e-04
1.413619734135214499e-04
1.385216175964338844e-04
1.357358459861247142e-04
1.330041723135002359e-04
1.303260850486981175e-04
1.277010288200255517e-04
1.251284753783738304e-04
1.226078138282536483e-04
1.201384404126289401e-04
1.177196600743424362e-04
1.153508601598468309e-04
1.130313850755495272e-04
1.107605236460334797e-04
1.085375400502779970e-04
1.063617227827701791e-04
1.042322917673814555e-04
1.021485311293945599e-04
1.001096579134030647e-04
9.811489406447728128e-05
9.616345333232582796e-05
9.425451326081271252e-05
9.238726058449202186e-05
9.056091327944168295e-05
8.877462531817756960e-05
8.702760653428950085e-05
8.531900484638367120e-05
8.364799264796197737e-05
8.201378173957605590e-05
8.041552693589636017e-05
7.885239527898960381e-05
7.732356648504259532e-05
7.582819995836084304e-05
7.436554624005326799e-05
7.293475300658868626e-05
7.153504052551530167e-05
7.016564833946896114e-05
6.882574084090223472e-05
6.751456852968004414e-05
6.623136460221390898e-05
6.497531908680106983e-05
6.374578138010209482e-05
6.254197554337928284e-05
6.136319384037329278e-05
6.020874707940301006e-05
5.907790102831883392e-05
5.797001743462662748e-05
5.688439476155470950e-05
5.582033854137379204e-05
5.477732028358155147e-05
5.375466042459101226e-05
5.275176602580460700e-05
5.176806520378062388e-05
5.080292308181024759e-05
4.985585680032199177e-05
4.892626194449547816e-05
4.801355569409321441e-05
4.711738126675919493e-05
4.623714099081328090e-05
4.537239140787133619e-05
4.452267101915304172e-05
4.368745660568807765e-05
4.286644723961354750e-05
4.205913102205254683e-05
4.126504535848305447e-05
4.048398462820412347e-05
3.971545642962652457e-05
3.895915791950646214e-05
3.821473557428767514e-05
3.748176302591915698e-05
3.676012609297114783e-05
3.604939407668586806e-05
3.534921379110162620e-05
3.465952345318159221e-05
3.397990860908861057e-05
3.331021004257437538e-05
3.265015461243329003e-05
3.199939909658842859e-05
3.135800229096541843e-05
3.072558418226945453e-05
3.010189990457347542e-05
2.948700462877626183e-05
2.888052085717952486e-05
2.828243312007600629e-05
2.769253047700764606e-05
2.711051540310742322e-05
2.653660542264910140e-05
2.597044702228774735e-05
2.541189303782935940e-05
2.486107782482696409e-05
2.431764010664264593e-05
2.378169571333009689e-05
2.325306414734070105e-05
2.273147636537952210e-05
2.221727895560371413e-05
2.171012145654116490e-05
2.120995114061814644e-05
2.071692909784375472e-05
2.023071178114227059e-05
1.975152035929419187e-05
1.927917780766022032e-05
1.881343198402271502e-05
1.835471942623022245e-05
1.790267094037050806e-05
1.745731466295763571e-05
1.701879856061729588e-05
1.658678346148208477e-05
1.616158041460432823e-05
1.574298741737683931e-05
1.533076613348143119e-05
1.492540227132860362e-05
1.452649718048961479e-05
1.413414236561961917e-05
1.374844510580653628e-05
1.336906240715441256e-05
1.299638318543781447e-05
1.263016191883428164e-05
1.227017724398931796e-05
1.191692440421905903e-05
1.156996940877297195e-05
1.122945415704779495e-05
1.089542706528259574e-05
1.056754440473371833e-05
1.024625215153750193e-05
9.931244433799134527e-06
9.622316551505835134e-06
9.319937490860710579e-06
9.023648988355062369e-06
8.733637239885985235e-06
8.449880432226020938e-06
8.172030593282893945e-06
7.900562475583336071e-06
7.635114697549146091e-06
7.375513636407762363e-06
7.122170491210273358e-06
6.874607948560013962e-06
6.633044651539988731e-06
6.397399499656120959e-06
6.167326369104504021e-06
5.943291477622467382e-06
5.724887470697926873e-06
5.511992085804405907e-06
5.304937350194808245e-06
5.103234012685041958e-06
4.907123638555875938e-06
4.716487523790081229e-06
4.530980460144261741e-06
4.351037080746564012e-06
4.176238241311982614e-06
4.006511081859986150e-06
3.842097340558076246e-06
3.682546226554981147e-06
3.528104314768108031e-06
3.378634478927310135e-06
3.233838823909389577e-06
3.094108041696552460e-06
2.959048438634208841e-06
2.828660562661264222e-06
2.703083742637731216e-06
2.581943082369047603e-06
2.465429912327648246e-06
2.353358402537739156e-06
2.245415484284068991e-06
2.141824754858154686e-06
2.042123775963879296e-06
1.946225896498454345e-06
1.854064545126974887e-06
1.765219813961457182e-06
1.679743745948922922e-06
1.597372183192011934e-06
1.517807717938601696e-06
1.441179097900497824e-06
1.367108144922035499e-06
1.295580905013707970e-06
1.226564040631173625e-06
1.159810842566518337e-06
1.095450267487609175e-06
1.033349552403322667e-06
9.733908357722267771e-07
9.157360650309961509e-07
8.601749379584382884e-07
8.067801727816259272e-07
7.555573245610962282e-07
7.063721350379763588e-07
6.593409350627379605e-07
6.143682681846274328e-07
5.713904129384509854e-07
5.304930981826643450e-07
4.915169335195007534e-07
4.545010757344629389e-07
4.194116887972426601e-07
3.861359429231200497e-07
3.547093911315574439e-07
