# bin_3_1
6.100101616011209489e-05
6.020826232569469200e-05
5.941715332874006897e-05
5.862783874006711126e-05
5.784046319485953145e-05
5.705516616086573516e-05
5.627213423158037225e-05
5.549148241915213939e-05
5.471339902720474086e-05
5.393802541671254187e-05
5.316553169071853535e-05
5.239608253905520533e-05
5.162983760643087989e-05
5.086694551772978900e-05
5.010758796472927193e-05
4.935188951853671180e-05
4.860002619511788154e-05
4.785214016507045658e-05
4.710839617815307896e-05
4.636895371846521194e-05
4.563397131315755160e-05
4.490359503569298701e-05
4.417799292681407353e-05
4.345730003266813103e-05
4.274167888562916654e-05
4.203126629030266577e-05
4.132621831476999968e-05
4.062668568336729721e-05
3.993282374018458717e-05
3.924476950669009048e-05
3.856266799747816784e-05
3.788662989384352861e-05
3.721678479007980246e-05
3.655324861719062369e-05
3.589616266301530343e-05
3.524565675469276281e-05
3.460185834835864725e-05
3.396487798574826121e-05
3.333483431728605109e-05
3.271181721056044475e-05
3.209593811804158596e-05
3.148729289672921460e-05
3.088597905812579078e-05
3.029207547959648117e-05
2.970566649087421363e-05
2.912683834474088588e-05
2.855568372463220916e-05
2.799225781685059380e-05
2.743661745821885853e-05
2.688881230317668536e-05
2.634890668650648605e-05
2.581695565751105720e-05
2.529300382974978016e-05
2.477706945095703653e-05
2.426918459297674894e-05
2.376937888385727396e-05
2.327767499047139844e-05
2.279408241659105765e-05
2.231862371674016716e-05
2.185128929340718687e-05
2.139205867443112234e-05
2.094092363036711093e-05
2.049789250160341831e-05
2.006293546086243380e-05
1.963602133310064012e-05
1.921711410241607265e-05
1.880617784170558778e-05
1.840317492442946045e-05
1.800806335432635020e-05
1.762077373081814502e-05
1.724125332671713355e-05
1.686944450407133487e-05
1.650527269979690589e-05
1.614866562206773647e-05
1.579955619822040054e-05
1.545786536751832667e-05
1.512349800297875364e-05
1.479636287459690085e-05
1.447638616761290998e-05
1.416345753271996245e-05
1.385748259079303591e-05
1.355836283147330086e-05
1.326599772613786237e-05
1.298027215662523509e-05
1.270108301483387582e-05
1.242831451936434775e-05
1.216186003975123941e-05
1.190160210949355893e-05
1.164742288314418255e-05
1.139920932013552865e-05
1.115684149645084030e-05
1.092019729451659756e-05
1.068916182154745303e-05
1.046361053322544804e-05
1.024342292303609999e-05
1.002847386459035978e-05
9.818654786414062529e-06
9.613832834654695969e-06
9.413895312792824240e-06
9.218716333442740089e-06
9.028179405895291756e-06
8.842168165855719534e-06
8.660561814088267932e-06
8.483240794432480526e-06
8.310099975877875827e-06
8.141017466824474028e-06
7.975885231402687561e-06
7.814591261369083661e-06
7.657022248923802871e-06
7.503078194715053028e-06
7.352649646495831500e-06
7.205627095528060477e-06
7.061921623884779568e-06
6.921425420537989392e-06
6.784045242518916287e-06
6.649681783700923715e-06
6.518238319676840626e-06
6.389635601301138488e-06
6.263777782803226247e-06
6.140573204033715210e-06
6.019952381618394103e-06
5.901822094702146131e-06
5.786110484838554025e-06
5.672735542187776499e-06
5.561615673798141181e-06
5.452697408947177894e-06
5.345899033058322578e-06
5.241150571159336484e-06
5.138401594287005539e-06
5.037573888868363770e-06
4.938618416686237638e-06
4.841469465223441176e-06
4.746061080270795192e-06
4.652364176988840012e-06
4.560312608234506347e-06
4.469855956236405280e-06
4.380960994753526255e-06
4.293564348770707355e-06
4.207638366776286007e-06
4.123130987501060040e-06
4.039990473230770661e-06
3.958210188387240348e-06
3.877735178749432383e-06
3.798533754217709040e-06
3.720586016746173445e-06
3.643840122186102683e-06
3.568289255760782424e-06
3.493890418579446651e-06
3.420603713056047892e-06
3.348441612924269391e-06
3.277356744359010211e-06
3.207332935184930923e-06
3.138358671067763055e-06
3.070390313855160418e-06
3.003440714268279901e-06
2.937472188142437220e-06
2.872453343020699235e-06
2.808412141117134463e-06
2.745304231831102793e-06
2.683126483421186093e-06
2.621871375844126641e-06
2.561501072214543736e-06
2.502047137832859682e-06
2.443471669768191989e-06
2.385748820165617328e-06
2.328917876811210544e-06
2.272934590796231920e-06
2.217808123033047942e-06
2.163530296351272517e-06
2.110064807810365583e-06
2.057459998964480572e-06
2.005674160354214344e-06
1.954686045832634011e-06
1.904541598465327561e-06
1.855192560408080516e-06
1.806659744885199488e-06
1.758932046861762213e-06
1.711972027371046956e-06
1.665840966716667327e-06
1.620489997731258171e-06
1.575904548039592229e-06
1.532132546649639774e-06
1.489117887233267203e-06
1.446893355200584815e-06
1.405444558972004169e-06
1.364729490245391237e-06
1.324819163854379855e-06
1.285657922008232173e-06
1.247237474285908228e-06
1.209602194727324265e-06
1.172690548517925314e-06
1.136544441114885832e-06
1.101143603314635490e-06
1.066443578375662469e-06
1.032519135611272678e-06
9.993072638074831696e-07
9.668084179566154406e-07
9.350555099097786310e-07
9.039875436898552549e-07
8.736502570109842939e-07
8.440179089786429594e-07
8.150462961389595069e-07
7.868083786051605004e-07
7.592371778990499201e-07
7.323405226141115851e-07
7.061392416410954630e-07
6.805743765635067776e-07
6.556935038570628417e-07
6.314642825215550708e-07
6.078452871721500067e-07
5.849014990995565877e-07
5.625642948911055424e-07
5.408458812685904050e-07
5.197551251565342707e-07
4.992370055753976376e-07
4.793397064058347089e-07
4.600271845539319392e-07
4.412659943004016180e-07
4.231131032317529936e-07
4.055053603301461651e-07
3.884615139499196652e-07
3.719839794609234677e-07
3.560265822652350082e-07
3.406368970562384135e-07
3.257768553290815872e-07
3.114197392710365388e-07
2.976082199379237920e-07
2.842811903343535809e-07
2.714532807050419544e-07
2.591121842145502991e-07
2.472095420726866842e-07
2.357777732643933993e-07
