# bin_3_2
1.415689681816890467e-04
1.394652300848130122e-04
1.373716241503483856e-04
1.352885501336647069e-04
1.332165381472237163e-04
1.311559549241995157e-04
1.291073299538797524e-04
1.270710304820237013e-04
1.250475898407545105e-04
1.230373887677311368e-04
1.210409143576648120e-04
1.190585747907587153e-04
1.170908264306085771e-04
1.151380531111252875e-04
1.132007239597957311e-04
1.112791853308130635e-04
1.093738940244963454e-04
1.074852002482585048e-04
1.056135125824438634e-04
1.037591859208176890e-04
1.019225965720775090e-04
1.001040893791642827e-04
9.830404617265247919e-05
9.652275230432687508e-05
9.476056254184648652e-05
9.301776478288644140e-05
9.129467715997961654e-05
8.959157232685457256e-05
8.790874127754509670e-05
8.624644013418822418e-05
8.460493208757894571e-05
8.298439969765094356e-05
8.138506300871277052e-05
7.980709979850672878e-05
7.825072222193295204e-05
7.671609526879414416e-05
7.520339537457841866e-05
7.371273733000650050e-05
7.224425092458556141e-05
7.079803018210732420e-05
6.937417690306765122e-05
6.797274405802274718e-05
6.659379468044707530e-05
6.523735396627462497e-05
6.390345736742952094e-05
6.259210889767158738e-05
6.130331299151594378e-05
6.003702846332493971e-05
5.879321479597927956e-05
5.757179270388385880e-05
5.637270503849588243e-05
5.519586788330056119e-05
5.404118515308940692e-05
5.290851317243256953e-05
5.179772501961626882e-05
5.070866712074796281e-05
4.964119514854203479e-05
4.859512412677646201e-05
4.757028244096220645e-05
4.656646254686598352e-05
4.558343369627982402e-05
4.462097358668868849e-05
4.367887756002047136e-05
4.275688367725299655e-05
4.185474652047476649e-05
4.097218950795547754e-05
4.010894478237284256e-05
3.926474422426526513e-05
3.843929933996110540e-05
3.763230275572703170e-05
3.684345694479443411e-05
3.607245598743380233e-05
3.531899271910479205e-05
3.458274078944856381e-05
3.386339275915231997e-05
3.316062823425047052e-05
3.247410362059460239e-05
3.180348859997735863e-05
3.114846713950187923e-05
3.050868333185484895e-05
2.988382074058175782e-05
2.927354013924276323e-05
2.867751189066822007e-05
2.809539609920040366e-05
2.752685893881764826e-05
2.697156933659127556e-05
2.642919725042982361e-05
2.589940533246495334e-05
2.538188398996884759e-05
2.487630588040249597e-05
2.438235313407407742e-05
2.389971021486795387e-05
2.342806138097959729e-05
2.296710689403801622e-05
2.251653506998165820e-05
2.207603549305933800e-05
2.164535132782644035e-05
2.122416880068315358e-05
2.081221818687739578e-05
2.040921730631530386e-05
2.001488622263911918e-05
1.962898213931062660e-05
1.925122792849626993e-05
1.888135813365742868e-05
1.851916507792037152e-05
1.816438283814863808e-05
1.781678960239822619e-05
1.747615410590512704e-05
1.714223642255687180e-05
1.681486155370106410e-05
1.649379653973164736e-05
1.617882390173832748e-05
1.586979630211034087e-05
1.556649382339297087e-05
1.526875223307822612e-05
1.497638499484050219e-05
1.468920048838142992e-05
1.440709342124460136e-05
1.412987025680715687e-05
1.385736646513963623e-05
1.358949226384423484e-05
1.332606440503869303e-05
1.306698062651284650e-05
1.281209714442697187e-05
1.256125988727332333e-05
1.231443419740895816e-05
1.207145862322951364e-05
1.183221986404194342e-05
1.159667597403828902e-05
1.136467211533364413e-05
1.113616483610471458e-05
1.091104198428757028e-05
1.068917933995236381e-05
1.047060463845353559e-05
1.025518037999078943e-05
1.004283863505162102e-05
9.833570614825107168e-06
9.627244887027019298e-06
9.423869706576004114e-06
9.223352793238078761e-06
9.025591845519562802e-06
8.830667109039923220e-06
8.638452367230731849e-06
8.448919837833905179e-06
8.262079678316815978e-06
8.077814663118615439e-06
7.896182062546415275e-06
7.717096579821447220e-06
7.540471800086334932e-06
7.366429268468682148e-06
7.194843826327229658e-06
7.025720415489082295e-06
6.859074229215835546e-06
6.694793678794891277e-06
6.532982556108858768e-06
6.373551181290178343e-06
6.216423473742093420e-06
6.061749203612012427e-06
5.909393618109956788e-06
5.759389148523163432e-06
5.611744483111483610e-06
5.466349417168372023e-06
5.323350231669891382e-06
5.182639877363637877e-06
5.044147931812939903e-06
4.908039299722969513e-06
4.774166652332530430e-06
4.642589815467635277e-06
4.513300742421652147e-06
4.386183706283620944e-06
4.261419692267595754e-06
4.138879349135984187e-06
4.018501376582224673e-06
3.900451476572777149e-06
3.784564672638846975e-06
3.670926333246027068e-06
3.559509920193184878e-06
3.450192420422246821e-06
3.343175015055832308e-06
3.238302865038698497e-06
3.135533093677760152e-06
3.035018605224826894e-06
2.936573349163840487e-06
2.840306658953263532e-06
2.746176820965195998e-06
2.654049369579237724e-06
2.564133497938950003e-06
2.476257030545050554e-06
2.390395055254272064e-06
2.306673434376294662e-06
2.224900724478722855e-06
2.145198734316616342e-06
2.067508205855827389e-06
1.991695611315677097e-06
1.917960683356323778e-06
1.846119125439493863e-06
1.776170782051302384e-06
1.708196953024450951e-06
1.642022602139071743e-06
1.577765098401202216e-06
1.515353782725601438e-06
1.454665925036045040e-06
1.395878789850698566e-06
1.338811481703177988e-06
1.283483692472554812e-06
1.229941455472568573e-06
1.178033618705301005e-06
1.127873704858945768e-06
1.079384974607414009e-06
1.032466414123392578e-06
9.872633563106162051e-07
9.436059564816614325e-07
9.015183621922696789e-07
8.610069033919506732e-07
8.219284765299488957e-07
7.843656647278198587e-07
7.482138408962132758e-07
7.133687875189188352e-07
6.799122271129833260e-07
6.476674457325960679e-07
6.166374418301868678e-07
5.867861971425051911e-07
5.579786155631455432e-07
5.302708690560800649e-07
5.035567682834457249e-07
4.777585702093681865e-07
4.529336597549617943e-07
4.289473292734525550e-07
4.058228889042124997e-07
3.835372230161240035e-07
3.620064769121700708e-07
3.412962791615701787e-07
