# bin_2_1
5.113449846918339875e-05
5.049088230968382302e-05
4.984814250727923269e-05
4.920640758643502399e-05
4.856578488925211663e-05
4.792638788857879543e-05
4.728836437805990261e-05
4.665180954974357730e-05
4.601687277734978952e-05
4.538367200921039293e-05
4.475234073945536298e-05
4.412302054571401948e-05
4.349583708790656232e-05
4.287091807698037937e-05
4.224841059682320351e-05
4.162841896541614762e-05
4.101108709878981400e-05
4.039653240518775750e-05
3.978488829493538793e-05
3.917629405660511449e-05
3.857088360866044104e-05
3.796878147572321663e-05
3.737012413266692384e-05
3.677502591562363006e-05
3.618362327820728701e-05
3.559603685464972621e-05
3.501240089378829560e-05
3.443284895951753829e-05
3.385751221641863088e-05
3.328651375403660648e-05
3.271997950240654161e-05
3.215800918976803911e-05
3.160071819032671736e-05
3.104821044468890172e-05
3.050060691022077545e-05
2.995802847955147415e-05
2.942059162413486809e-05
2.888839810519001029e-05
2.836155008980530235e-05
2.784013375355372534e-05
2.732425439814230685e-05
2.681400388705220398e-05
2.630947380870131037e-05
2.581074405935707426e-05
2.531789752711653005e-05
2.483101949662956098e-05
2.435019673045874205e-05
2.387548998220537396e-05
2.340695570366639516e-05
2.294464366520456691e-05
2.248862436569304692e-05
2.203896373400721776e-05
2.159571139017757262e-05
2.115889783318525294e-05
2.072856355270954253e-05
2.030474678110315669e-05
1.988747804215678785e-05
1.947677810052791603e-05
1.907267998394335189e-05
1.867519443892903493e-05
1.828431422185098205e-05
1.790005099223122818e-05
1.752242769746507967e-05
1.715143089929873092e-05
1.678704560261617284e-05
1.642925694052541671e-05
1.607804905964798384e-05
1.573340516708408390e-05
1.539530390344406388e-05
1.506369616766766318e-05
1.473855187921775041e-05
1.441983819328226393e-05
1.410750320761715701e-05
1.380149935142833587e-05
1.350178082497813242e-05
1.320829259567762271e-05
1.292096406372502655e-05
1.263972982572584833e-05
1.236454134407744337e-05
1.209531643002662112e-05
1.183198272963544993e-05
1.157446543669802236e-05
1.132268744191149861e-05
1.107656301135416707e-05
1.083601634188266167e-05
1.060095355720563059e-05
1.037129060935335361e-05
1.014693896502734391e-05
9.927803145850538737e-06
9.713793959806286287e-06
9.504817028784368998e-06
9.300775289568122359e-06
9.101572456185366656e-06
8.907108289894039593e-06
8.717290461994174825e-06
8.532013434945375202e-06
8.351185059283925327e-06
8.174700161306338683e-06
8.002465196508627609e-06
7.834375005188916059e-06
7.670332965622022990e-06
7.510240857895568763e-06
7.354000064152754386e-06
7.201509872073067413e-06
7.052677833258876768e-06
6.907405385164911046e-06
6.765599275898655460e-06
6.627162686934516424e-06
6.492002223308278457e-06
6.360029639116345622e-06
6.231151399695866512e-06
6.105274867271682650e-06
5.982321698170208758e-06
5.862198529261598953e-06
5.744825466172305436e-06
5.630115301135168691e-06
5.517985121004265727e-06
5.408363565897942630e-06
5.301167375067108814e-06
5.196317585127120442e-06
5.093749810897439971e-06
4.993384328684974606e-06
4.895155925663638716e-06
4.798992263564673367e-06
4.704822878320737942e-06
4.612595724919089879e-06
4.522240628230893640e-06
4.433695028973328703e-06
4.346910941079809592e-06
4.261820872061717271e-06
4.178378116100425403e-06
4.096524376144730815e-06
4.016202080927931057e-06
3.937379472163816020e-06
3.859999745816679227e-06
3.784016687423856317e-06
3.709396933131495302e-06
3.636086100647459899e-06
3.564055078503535033e-06
3.493257791801515476e-06
3.423649072277331561e-06
3.355216152167504380e-06
3.287912378318638663e-06
3.221707449146281556e-06
3.156580096053684727e-06
3.092486313640036987e-06
3.029414647088345578e-06
2.967327551251241029e-06
2.906190523233812272e-06
2.846007356857817314e-06
2.786738783923879704e-06
2.728367861358027475e-06
2.670881505197270008e-06
2.614243395823835966e-06
2.558458853376784259e-06
2.503495922372821202e-06
2.449327798098575824e-06
2.395972118279786299e-06
2.343393116706143306e-06
2.291585140444700020e-06
2.240539630766474984e-06
2.190225830139119768e-06
2.140665169932273541e-06
2.091826601341597657e-06
2.043688489731000951e-06
1.996279027311764131e-06
1.949563302812227525e-06
1.903546349458599056e-06
1.858220230676179797e-06
1.813556069976519591e-06
1.769590015481980865e-06
1.726288758926503249e-06
1.683634797385773089e-06
1.641663103701698800e-06
1.600335938666982837e-06
1.559668478790538259e-06
1.519651207297280999e-06
1.480254650278901761e-06
1.441526634618357064e-06
1.403428454050040236e-06
1.365948200885952478e-06
1.329123681468530496e-06
1.292910811944005387e-06
1.257335175140657684e-06
1.222385026898244386e-06
1.188027196212716520e-06
1.154318618653072876e-06
1.121215049745960546e-06
1.088709765349582786e-06
1.056838721589304907e-06
1.025553010523429709e-06
9.948864734190915215e-07
9.648228234022326033e-07
9.353267119919293468e-07
9.064595245625214085e-07
8.781708876186028484e-07
8.504614859634525373e-07
8.233589609978917601e-07
7.968143183497752604e-07
7.708655751859511106e-07
7.454919495299403563e-07
7.206578677945295976e-07
6.964243948835539271e-07
6.727372899910706752e-07
6.496035262595714194e-07
6.270414461835728842e-07
6.050032987052936602e-07
5.835299689283430026e-07
5.625956027085016116e-07
5.421671438650293297e-07
5.223008436764278582e-07
5.029409771566891039e-07
4.840988577503157972e-07
4.657832040568831409e-07
4.479485404281916542e-07
4.306363664998533028e-07
4.138161641161798237e-07
3.974594821701697534e-07
3.816148255842237899e-07
3.662281928477653368e-07
3.513147625216418556e-07
3.368761390280175269e-07
3.228724013256142943e-07
3.093446344132963502e-07
2.962600678008641050e-07
2.835962009521684813e-07
2.713914343855173687e-07
2.595946575730737089e-07
2.482203638159732302e-07
2.372601576562010651e-07
2.266743794713730746e-07
2.164943809978311575e-07
