# bin_4_3
2.468647401935487201e-04
2.428612850716403975e-04
2.388886623055172672e-04
2.349474897571099201e-04
2.310387761709161195e-04
2.271631175460778315e-04
2.233214814449728763e-04
2.195144527584932666e-04
2.157429273573656446e-04
2.120074820721065765e-04
2.083089181728360866e-04
2.046477725013974526e-04
2.010247415006396760e-04
1.974403747941763600e-04
1.938953813469533637e-04
1.903902043440501969e-04
1.869255002141361475e-04
1.835017331489271510e-04
1.801194153311438408e-04
1.767789481273471892e-04
1.734808262996710736e-04
1.702253822783511767e-04
1.670130501677177803e-04
1.638440972388787180e-04
1.607188759392843105e-04
1.576375915457248883e-04
1.546005378846993092e-04
1.516078994907508722e-04
1.486599201192313909e-04
1.457567476781256889e-04
1.428985113752322524e-04
1.400852184022329558e-04
1.373169438621466281e-04
1.345936792819791260e-04
1.319154471733442247e-04
1.292821698701885399e-04
1.266938207369975851e-04
1.241502999925931132e-04
1.216515234920049576e-04
1.191972741958118389e-04
1.167873464413349483e-04
1.144214836853091251e-04
1.120994920663787172e-04
1.098210964575262020e-04
1.075860114328785929e-04
1.053939085424750708e-04
1.032444455874308203e-04
1.011371876318642872e-04
9.907177486005838739e-05
9.704779887157976279e-05
9.506483512652378536e-05
9.312239125036932239e-05
9.122000385677653559e-05
8.935715715034314526e-05
8.753335298657308032e-05
8.574806008593163862e-05
8.400073790676564783e-05
8.229079385474702109e-05
8.061769896550335967e-05
7.898086424111522936e-05
7.737967650234901839e-05
7.581350147817555497e-05
7.428175670474736734e-05
7.278383051432446495e-05
7.131909659485081044e-05
6.988687010239792946e-05
6.848654032242447887e-05
6.711750211479269802e-05
6.577906002492428907e-05
6.447056588169676429e-05
6.319139068909579253e-05
6.194084889574946403e-05
6.071832372358281540e-05
5.952315769687445846e-05
5.835470746374046705e-05
5.721234172945879740e-05
5.609540495175628167e-05
5.500326138550459181e-05
5.393528463832552119e-05
5.289082930930505606e-05
5.186931213510911519e-05
5.087012059517945797e-05
4.989264672002508309e-05
4.893630935021792762e-05
4.800050381255302489e-05
4.708466987992243212e-05
4.618823238179808866e-05
4.531059656917829881e-05
4.445129564335358068e-05
4.360975241821956239e-05
4.278545943161189284e-05
4.197790982366797166e-05
4.118657340628771081e-05
4.041100451400776212e-05
3.965069240225905812e-05
3.890513432634294395e-05
3.817398538456549047e-05
3.745673627895783472e-05
3.675298883556031202e-05
3.606232637187207498e-05
3.538430346841834158e-05
3.471861419940229098e-05
3.406482225812620241e-05
3.342252283937924642e-05
3.279148651239669219e-05
3.217129412960384552e-05
3.156165591038999184e-05
3.096224765921933069e-05
3.037270407476619458e-05
2.979286468487439383e-05
2.922236586001606925e-05
2.866089398925861145e-05
2.810833612670719952e-05
2.756434514482327024e-05
2.702874540605613017e-05
2.650128518726181916e-05
2.598167411975151010e-05
2.546988961917921905e-05
2.496561993257434274e-05
2.446864270244580861e-05
2.397894409713019516e-05
2.349621931668614984e-05
2.302040812965110069e-05
2.255131809635582327e-05
2.208870563788198742e-05
2.163267754072678291e-05
2.118295463155078545e-05
2.073939708160981026e-05
2.030206267595487655e-05
1.987067060210331520e-05
1.944526670239945788e-05
1.902569240083464697e-05
1.861173524142716748e-05
1.820361020586735342e-05
1.780105146691152734e-05
1.740399643587391568e-05
1.701253684182175524e-05
1.662641298924137661e-05
1.624575956896513331e-05
1.587043022441211464e-05
1.550023263044078689e-05
1.513546378541935373e-05
1.477585193969405678e-05
1.442140216116933735e-05
1.407221005007756996e-05
1.372802416211189632e-05
1.338905868924841933e-05
1.305515578531898581e-05
1.272613727958950892e-05
1.240235244897091186e-05
1.208350996961418324e-05
1.176966799349399003e-05
1.146090080619549393e-05
1.115695412491340824e-05
1.085811272787899951e-05
1.056418896739878555e-05
1.027501709884614681e-05
9.990968252601130985e-06
9.711721962728250509e-06
9.437380248106749000e-06
9.167979436717302739e-06
8.903262875756635115e-06
8.643572564985002468e-06
8.388674837015446418e-06
8.138414896247451902e-06
7.893157689134547181e-06
7.652558968918628861e-06
7.416761574490737459e-06
7.185751335028724639e-06
6.959264355361417937e-06
6.737678994270318411e-06
6.520716565329662623e-06
6.308245429667435234e-06
6.100598625058326764e-06
5.897410831208551022e-06
5.698859215678743325e-06
5.504885670296175570e-06
5.315223442770746265e-06
5.130256910614661743e-06
4.949665962793291460e-06
4.773357842745857478e-06
4.601610384075353420e-06
4.434037179728405668e-06
4.270838790149733552e-06
4.111923510448179020e-06
3.957015828867544491e-06
3.806482165521022560e-06
3.659983927165934958e-06
3.517465408767157399e-06
3.379135646196212956e-06
3.244628413009902104e-06
3.114153724362937133e-06
2.987599866403430498e-06
2.864719293678240743e-06
2.745843904231626721e-06
2.630639531527218502e-06
2.519100561190613722e-06
2.411345406350906547e-06
2.307058330298037586e-06
2.206415820600085108e-06
2.109283012427825826e-06
2.015432806611330786e-06
1.925121467178470739e-06
1.838023384386877147e-06
1.754144250642586161e-06
1.673513258286086828e-06
1.595841447012364705e-06
1.521239966736249579e-06
1.449516988996411712e-06
1.380428327003150221e-06
1.314090875408143971e-06
1.250149606387264159e-06
1.188560365388180427e-06
1.129258872542864289e-06
1.071982537478866833e-06
1.016808311638805274e-06
9.635659246442367718e-07
9.120963028651240363e-07
8.625061510836558055e-07
8.145642625222810032e-07
7.683162439699708498e-07
7.237652533778439417e-07
6.807911416003946943e-07
6.395152243322630050e-07
5.998429099425786549e-07
5.617051548329438403e-07
5.251931092668891313e-07
4.901714463883993931e-07
4.567123021541426361e-07
4.248153436387603133e-07
3.943825185422675716e-07
3.654590776136176448e-07
