# bin_4_1
6.573844366975131455e-05
6.487216744657280034e-05
6.400802290184823848e-05
6.314616910749334348e-05
6.228676662287460381e-05
6.142996392867758413e-05
6.057596323879022558e-05
5.972488903833700048e-05
5.887694578415469829e-05
5.803228550901663897e-05
5.719109251942896204e-05
5.635354108493157408e-05
5.551980316187124016e-05
5.469003694668598555e-05
5.386443819927039901e-05
5.304314142821337218e-05
5.222633493357152999e-05
5.141416829751835652e-05
5.060681620810126538e-05
4.980444666508574997e-05
4.900722874997711753e-05
4.821531523030953231e-05
4.742888141196112536e-05
4.664806753579536086e-05
4.587304543671582446e-05
4.510395881185930671e-05
4.434097024673133860e-05
4.358423468943738681e-05
4.283391503986859163e-05
4.209015503414097333e-05
4.135310569691286691e-05
4.062288100598257507e-05
3.989961734854036276e-05
3.918343477857027054e-05
3.847447652915146361e-05
3.777287353350512310e-05
3.707875690555345182e-05
3.639223710473679099e-05
3.571343265782691878e-05
3.504243445117203985e-05
3.437935521162595917e-05
3.372428996839416934e-05
3.307733917209166620e-05
3.243858166795531451e-05
3.180810045218134040e-05
3.118598069389839049e-05
3.057231121503193320e-05
2.996714182190439885e-05
2.937052520506446525e-05
2.878250511342331694e-05
2.820314384477608084e-05
2.763249323424920889e-05
2.707059553873562881e-05
2.651746515703423573e-05
2.597312822781831047e-05
2.543760550356285121e-05
2.491091073463722456e-05
2.439304468159451278e-05
2.388402220079181360e-05
2.338382775682570883e-05
2.289243512740426218e-05
2.240982861079380832e-05
2.193600678218361806e-05
2.147092881926471490e-05
2.101455333309718216e-05
2.056683434198943456e-05
2.012772758712046484e-05
1.969718584270076407e-05
1.927515539545494118e-05
1.886155491183473190e-05
1.845632094519647932e-05
1.805938601296206079e-05
1.767066624815755366e-05
1.729007677201728358e-05
1.691753779918131145e-05
1.655295852250440711e-05
1.619623154486527053e-05
1.584725501124596508e-05
1.550594426238357707e-05
1.517217798799283364e-05
1.484585034222850333e-05
1.452684751435470242e-05
1.421505642017193197e-05
1.391035440935032769e-05
1.361262851170070175e-05
1.332174879448086446e-05
1.303759443290874823e-05
1.276003900715115002e-05
1.248895528959079712e-05
1.222421633805584612e-05
1.196569399310898876e-05
1.171325671447834200e-05
1.146677306465686195e-05
1.122611110312364999e-05
1.099114461250034675e-05
1.076173345675807082e-05
1.053775896313012675e-05
1.031908148469937666e-05
1.010557878663670639e-05
9.897115600136485296e-06
9.693564635997478247e-06
9.494802741659356509e-06
9.300701634381261759e-06
9.111131457188689265e-06
8.925979512675373220e-06
8.745117963253015063e-06
8.568431105366980898e-06
8.395797462049762813e-06
8.227098309149979125e-06
8.062228437736664765e-06
7.901069489790618232e-06
7.743505761423654217e-06
7.589445480138919693e-06
7.438771109284254891e-06
7.291387298331186134e-06
7.147187530149805636e-06
7.006068794908319825e-06
6.867950811651151188e-06
6.732729933356555117e-06
6.600310359218540567e-06
6.470620558071888289e-06
6.343560851855340749e-06
6.219057565545279583e-06
6.097023862818658804e-06
5.977373499542531639e-06
5.860053060363746014e-06
5.744975717987509925e-06
5.632067774752125478e-06
5.521279175831547839e-06
5.412525803141929644e-06
5.305758847967992208e-06
5.200909038135070845e-06
5.097906426485197571e-06
4.996724334224369204e-06
4.897291840354125568e-06
4.799556796471750073e-06
4.703486862516213997e-06
4.609013831197080138e-06
4.516111662306346411e-06
4.424725433449150655e-06
4.334800039591357131e-06
4.246332693045293620e-06
4.159263939042419288e-06
4.073561724224610178e-06
3.989207198389369953e-06
3.906144305762976636e-06
3.824369052280150365e-06
3.743835751406363035e-06
3.664501685688946419e-06
3.586384051817292709e-06
3.509431081152729996e-06
3.433627227108764346e-06
3.358961849630845932e-06
3.285387465508747975e-06
3.212920810526410304e-06
3.141521335681496353e-06
3.071155252834582637e-06
3.001855629622419173e-06
2.933573578853983527e-06
2.866307276774974703e-06
2.800049606419108127e-06
2.734759093537839032e-06
2.670472062900484722e-06
2.607147220591824220e-06
2.544756554968623175e-06
2.483344479051342157e-06
2.422862012451736618e-06
2.363320217979340614e-06
2.304710627399429656e-06
2.246993262862160274e-06
2.190221882869416830e-06
2.134350728388994208e-06
2.079356639700292844e-06
2.025290367834755000e-06
1.972098542711611162e-06
1.919804405288299539e-06
1.868395902062445955e-06
1.817831776041483706e-06
1.768179079140639116e-06
1.719384185995914362e-06
1.671431115804745569e-06
1.624372078738175661e-06
1.578145347093502527e-06
1.532786723304466814e-06
1.488280409827054601e-06
1.444580290633235031e-06
1.401763308511580328e-06
1.359768603754301706e-06
1.318587024542773109e-06
1.278266500369412171e-06
1.238739894149403879e-06
1.200052679020296742e-06
1.162182951032946146e-06
1.125082476357660081e-06
1.088831950784633641e-06
1.053362979473214025e-06
1.018675793470603511e-06
9.848051443791129974e-07
9.516839825622020793e-07
9.193600764130439231e-07
8.878038129095263563e-07
8.569652446413111266e-07
8.269201979645581026e-07
7.975940960738822032e-07
7.689932347326984128e-07
7.411380465409475700e-07
7.139638455107698604e-07
6.875207850235341688e-07
6.617741075754414129e-07
6.366797670241005848e-07
6.123078047890114913e-07
5.885858152289508527e-07
5.655281944274271411e-07
5.431456575197868090e-07
5.213807064711342249e-07
5.002856482163967258e-07
4.798230755795223686e-07
4.599580792985141211e-07
4.407514307435550865e-07
4.221361505202301169e-07
4.041322492806561733e-07
3.867420704650494361e-07
3.699162485180935932e-07
3.537043740657590675e-07
3.380654307513832355e-07
3.229701900886159390e-07
3.084622342767438765e-07
2.944755421400677526e-07
2.810240349650958735e-07
2.680931082973248287e-07
2.556301765208115715e-07
2.436674950005323897e-07
