# bin_4_2
1.585087243594735743e-04
1.561137848038545676e-04
1.537315087214221070e-04
1.513623700374999823e-04
1.490069459290763361e-04
1.466656662658702263e-04
1.443391023958224271e-04
1.420276833935360430e-04
1.397319806604083549e-04
1.374524398856505672e-04
1.351895940406085833e-04
1.329439264115125571e-04
1.307159305101767755e-04
1.285060567932062522e-04
1.263148017061398263e-04
1.241425552118198159e-04
1.219897880780357454e-04
1.198568960123581531e-04
1.177443051982645858e-04
1.156524271143566558e-04
1.135816651088873810e-04
1.115324099993784170e-04
1.095050522567918056e-04
1.074999007454532365e-04
1.055173030164380043e-04
1.035575756777468035e-04
1.016210424674395262e-04
9.970801421836959300e-05
9.781877935983973019e-05
9.595360634480141592e-05
9.411273593527810018e-05
9.229635976808843369e-05
9.050469037805303760e-05
8.873792201771182799e-05
8.699624393402866204e-05
8.527981234437343090e-05
8.358877214327863688e-05
8.192324407412424178e-05
8.028333781485575001e-05
7.866913236246085095e-05
7.708067911526693839e-05
7.551801679739267770e-05
7.398118632014650815e-05
7.247020087020716167e-05
7.098503253815810694e-05
6.952565203172896599e-05
6.809203540327029268e-05
6.668412676201496136e-05
6.530181549866915321e-05
6.394497825687731529e-05
6.261352503909934698e-05
6.130734638040371718e-05
6.002626696741845887e-05
5.877010762641756553e-05
5.753870021800613330e-05
5.633183913457993702e-05
5.514931433395236409e-05
5.399091213808270581e-05
5.285639008540203283e-05
5.174549580395643704e-05
5.065794505483847633e-05
4.959345800079196620e-05
4.855177210126492503e-05
4.753258447149781617e-05
4.653557170166662614e-05
4.556042591185887247e-05
4.460680613133364869e-05
4.367439707153795135e-05
4.276285445524366914e-05
4.187181371209556065e-05
4.100092192957232337e-05
4.014982145353092737e-05
3.931814755311895278e-05
3.850552626931058532e-05
3.771159000052650811e-05
3.693597404269568737e-05
3.617827585971025608e-05
3.543811997343192743e-05
3.471513529586233175e-05
3.400891828261333043e-05
3.331910502356050387e-05
3.264531033635466035e-05
3.198715430977747744e-05
3.134425735587948987e-05
3.071623402635560848e-05
3.010271694937328337e-05
2.950332664308667207e-05
2.891768712516698737e-05
2.834544968701627917e-05
2.778624945529980516e-05
2.723972661822418511e-05
2.670553475271485961e-05
2.618331425495406311e-05
2.567273984555920721e-05
2.517345850056793756e-05
2.468512952354882635e-05
2.420746812179558308e-05
2.374013038047508259e-05
2.328281484392905775e-05
2.283521644280154522e-05
2.239702020947884124e-05
2.196796905032429308e-05
2.154775228577980839e-05
2.113608216591647139e-05
2.073273395192606764e-05
2.033741848651511697e-05
1.994989235812608065e-05
1.956990827236126799e-05
1.919719910762723554e-05
1.883158671570222973e-05
1.847281105478572222e-05
1.812063943310900720e-05
1.777491718615635226e-05
1.743540627566845719e-05
1.710193045623982472e-05
1.677429240159772185e-05
1.645227938727446227e-05
1.613579310137940810e-05
1.582461726973870329e-05
1.551857852811950702e-05
1.521758760309748145e-05
1.492144562027098604e-05
1.463004727450086484e-05
1.434324165695649636e-05
1.406085723821540092e-05
1.378287530512773880e-05
1.350911413465065322e-05
1.323945681792607678e-05
1.297386726645131275e-05
1.271217578645347271e-05
1.245434374479076602e-05
1.220025330969011992e-05
1.194976481124049623e-05
1.170292914375478148e-05
1.145958897638336899e-05
1.121967758821535467e-05
1.098319413298273486e-05
1.074999270252316353e-05
1.052009275392456415e-05
1.029339603246992837e-05
1.006978577201718564e-05
9.849370569483525744e-06
9.632003384143333067e-06
9.417661742395773582e-06
9.206363546719434387e-06
8.997976683225667669e-06
8.792575389299348940e-06
8.590066541971384792e-06
8.390349918053839929e-06
8.193578560028432292e-06
7.999604549014463845e-06
7.808441374407932775e-06
7.620109970711578466e-06
7.434482706509624447e-06
7.251685487676343037e-06
7.071617568182903605e-06
6.894189611432160974e-06
6.719583654198488832e-06
6.547639441018421302e-06
6.378400519772541981e-06
6.211877972824741486e-06
6.047944410010197529e-06
5.886772222672637696e-06
5.728238858485675762e-06
5.572261059215005211e-06
5.419034547110991151e-06
5.268384105617267292e-06
5.120382941100747776e-06
4.975020920744960697e-06
4.832163511528923335e-06
4.692019770449089738e-06
4.554440299748318600e-06
4.419352131538220496e-06
4.286948059648684449e-06
4.157033023505212175e-06
4.029707515759827500e-06
3.904939181174034161e-06
3.782585544707871020e-06
3.662876003367164636e-06
3.545632578952713225e-06
3.430804369033776613e-06
3.318567268222574992e-06
3.208704779843737093e-06
3.101343786011318132e-06
2.996435433885196347e-06
2.893826263742555473e-06
2.793752757120393327e-06
2.696018897773466382e-06
2.600594956096346239e-06
2.507623628275156200e-06
2.416884225776314114e-06
2.328514729236836115e-06
2.242445413574928486e-06
2.158523754497899248e-06
2.076971058498439525e-06
1.997577447713457308e-06
1.920339849922468097e-06
1.845347715210895229e-06
1.772400689449683889e-06
1.701629369621676932e-06
1.632952314926587444e-06
1.566231466511854533e-06
1.501661688762255428e-06
1.439040136478595444e-06
1.378386856623240675e-06
1.319751338033806281e-06
1.262961633278431875e-06
1.208140462483050130e-06
1.155197805234046797e-06
1.104017713747458002e-06
1.054753895870367632e-06
1.007214877430887077e-06
9.614235049549495448e-07
9.173846451895052931e-07
8.749380145842877942e-07
8.341714386293144965e-07
7.949653056511143785e-07
7.571994890094608055e-07
7.209519244663338286e-07
6.860202664445768991e-07
6.523988811552594015e-07
6.200447414074776711e-07
5.888117157717799102e-07
5.587664456472019816e-07
5.298020998485090975e-07
5.018422379824167784e-07
4.749480549155749423e-07
4.489717083029759343e-07
4.239326121297965334e-07
3.998054570250169749e-07
3.765062148454242782e-07
3.541161941060373630e-07
