# bin_3_3
2.092233565384669350e-04
2.059079598423812140e-04
2.026152088117646295e-04
1.993456976183349491e-04
1.961002323106973949e-04
1.928793554733899756e-04
1.896838586212047141e-04
1.865142876924043335e-04
1.833713848695314166e-04
1.802556992213729010e-04
1.771679339136827632e-04
1.741086621844257761e-04
1.710785055723452910e-04
1.680780003851218380e-04
1.651077682894860161e-04
1.621682531805959508e-04
1.592600146865544796e-04
1.563835098484872782e-04
1.535392205556556429e-04
1.507275959020622550e-04
1.479490947969483428e-04
1.452041099639067286e-04
1.424930661031106080e-04
1.398162617444293984e-04
1.371740532976536422e-04
1.345667365104378957e-04
1.319946204878025742e-04
1.294579729829632730e-04
1.269570484715788804e-04
1.244920574921784171e-04
1.220631880491385168e-04
1.196705543338219118e-04
1.173142936491594136e-04
1.149945115251752351e-04
1.127113057245108103e-04
1.104647274427562377e-04
1.082548109917417362e-04
1.060815594424666119e-04
1.039449624716057573e-04
1.018449599343397360e-04
9.978146992633443019e-05
9.775438369075528774e-05
9.576359207830693952e-05
9.380895355709765614e-05
9.189028394556090075e-05
9.000738635312425108e-05
8.816006768921113884e-05
8.634809695129439867e-05
8.457119186321577229e-05
8.282904354369076405e-05
8.112138220572752791e-05
7.944791472358803965e-05
7.780827919937303723e-05
7.620210795825683601e-05
7.462904130069594277e-05
7.308867896216826913e-05
7.158062663445446559e-05
7.010447496186975242e-05
6.865978840728040040e-05
6.724612687936697066e-05
6.586301155288002047e-05
6.450997346461862219e-05
6.318655983540673933e-05
6.189227545244650644e-05
6.062662051936086176e-05
5.938909484393834344e-05
5.817917539691908193e-05
5.699637328461364274e-05
5.584015922288743214e-05
5.470999670983815890e-05
5.360535708794008795e-05
5.252570756141126571e-05
5.147053100943734232e-05
5.043928090006911090e-05
4.943143073221346840e-05
4.844646619086552346e-05
4.748382188927457358e-05
4.654297974204775419e-05
4.562341695352916445e-05
4.472458039072475247e-05
4.384598615261788316e-05
4.298710516330392118e-05
4.214742802187535663e-05
4.132645500325221523e-05
4.052366693361176940e-05
3.973858849374086480e-05
3.897071556152787206e-05
3.821955310552392756e-05
3.748466924264021676e-05
3.676558314519554787e-05
3.606183884221206753e-05
3.537299996040035079e-05
3.469860100254781702e-05
3.403824724402401626e-05
3.339148791111794029e-05
3.275789174703964626e-05
3.213712832386240797e-05
3.152876199097812821e-05
3.093242764742613942e-05
3.034775652539987742e-05
2.977435371806484116e-05
2.921193165330447631e-05
2.866010294985424188e-05
2.811851458525454534e-05
2.758692928626984927e-05
2.706498666274895348e-05
2.655240951176254265e-05
2.604890703059518215e-05
2.555415236112280574e-05
2.506797414459241714e-05
2.459005021848200144e-05
2.412010345569005237e-05
2.365799432885001119e-05
2.320342636721468483e-05
2.275621701752576957e-05
2.231613900156774756e-05
2.188293317132850087e-05
2.145654092721671106e-05
2.103669037307804416e-05
2.062318199712812134e-05
2.021596219427196698e-05
1.981477646858312901e-05
1.941953899367640033e-05
1.903007683087125062e-05
1.864617659014885278e-05
1.826788770987669628e-05
1.789497308828042336e-05
1.752730429698823525e-05
1.716489272345307342e-05
1.680751047996094195e-05
1.645516120637347345e-05
1.610770581391823006e-05
1.576496303185015435e-05
1.542707434150212119e-05
1.509382161452640309e-05
1.476514154314619018e-05
1.444108169782226707e-05
1.412143626076722619e-05
1.380628551676257088e-05
1.349550616750579962e-05
1.318893873853493748e-05
1.288679766784414384e-05
1.258886654993801569e-05
1.229513971122676086e-05
1.200567692582716424e-05
1.172028266267790444e-05
1.143910768811906936e-05
1.116202465803436360e-05
1.088888923836834771e-05
1.061996642263405025e-05
1.035502797224081252e-05
1.009411389315837817e-05
9.837274212646217398e-06
9.584312524034705464e-06
9.335443459964919401e-06
9.090518956220650581e-06
8.849405794803366683e-06
8.612395363738096173e-06
8.379236536045448972e-06
8.150007545292087084e-06
7.924733316339454232e-06
7.703215100992926253e-06
7.485721916021932701e-06
7.272069518270851464e-06
7.062133150229517004e-06
6.856207912144820192e-06
6.654021608754831484e-06
6.455689087991057125e-06
6.261197592544648991e-06
6.070340109755814961e-06
5.883423684629388057e-06
5.700226172917560868e-06
5.520640527128484178e-06
5.344943531422321204e-06
5.172841936001493662e-06
5.004483181330450404e-06
4.839820569594596154e-06
4.678642043075204374e-06
4.521268561183636750e-06
4.367441870932364262e-06
4.217087202533178216e-06
4.070442886403468850e-06
3.927193399630515812e-06
3.787510681878339120e-06
3.651320422669684422e-06
3.518398641786009835e-06
3.389057562707159735e-06
3.263017712243157553e-06
3.140232424840093955e-06
3.020883888104207662e-06
2.904664029390186755e-06
2.791753737834968126e-06
2.682057335237576692e-06
2.575366993722319161e-06
2.471969520782590871e-06
2.371582983375253045e-06
2.274203064140366773e-06
2.179939046738865627e-06
2.088523337041052562e-06
2.000117634195245686e-06
1.914611731674366706e-06
1.831820625245225930e-06
1.751983031617688697e-06
1.674833807951353699e-06
1.600397167414236755e-06
1.528728249414501031e-06
1.459603322957989129e-06
1.393158431364166928e-06
1.329257744816739821e-06
1.267718416860282922e-06
1.208672050034716077e-06
1.151818937214221523e-06
1.097121683449497975e-06
1.044520400008397492e-06
9.937686643692840859e-07
9.449303588391427890e-07
8.978419483259185023e-07
8.523520507823448334e-07
8.085480593013566646e-07
7.661984195344764671e-07
7.253130506306580373e-07
6.858650555374315477e-07
6.477198295731116979e-07
6.109892656831527989e-07
5.755921611571661015e-07
5.414740823915806067e-07
5.087207757778696076e-07
4.771869027372134169e-07
4.469211441439395398e-07
4.179269556746029825e-07
3.901373156873193521e-07
3.636354534332037931e-07
