# bin_2_2
1.065089919285760789e-04
1.049991973545039029e-04
1.034948593651823634e-04
1.019962691040504892e-04
1.005037859604594584e-04
9.901767645869948464e-05
9.753831988156561267e-05
9.606598093627233726e-05
9.460104699023223253e-05
9.314379573268061999e-05
9.169458501896089373e-05
9.025371783686096184e-05
8.882152491703177940e-05
8.739830588878090415e-05
8.598441669468378536e-05
8.458011178204234226e-05
8.318573967751223075e-05
8.180157455075042611e-05
8.042793454942051058e-05
7.906510268150314131e-05
7.771337784541151351e-05
7.637302973051420202e-05
7.504437106018683069e-05
7.372764643103621647e-05
7.242314568257675474e-05
7.113110423498558612e-05
6.985179683659248351e-05
6.858546602191584879e-05
6.733236896341477794e-05
6.609273006272554127e-05
6.486679032803443362e-05
6.365472863862674051e-05
6.245674778851696674e-05
6.127302105496061212e-05
6.010376379112585644e-05
5.894915558274947052e-05
5.780937464037577125e-05
5.668455947860495935e-05
5.557486787699306353e-05
5.448041784142619310e-05
5.340134627834506107e-05
5.233775387772499332e-05
5.128974132439800295e-05
5.025738716447612797e-05
4.924078239181677583e-05
4.823998653862051332e-05
4.725507319234353057e-05
4.628606808329331320e-05
4.533300224141207421e-05
4.439587599936059917e-05
4.347471070644886258e-05
4.256950755189896579e-05
4.168025606928690309e-05
4.080690522176756170e-05
3.994942114682372699e-05
3.910774987293524766e-05
3.828184205375497905e-05
3.747161641081517318e-05
3.667700497961131560e-05
3.589790455487493084e-05
3.513419319016255652e-05
3.438575681806090186e-05
3.365250120821074712e-05
3.293427730994454559e-05
3.223094786573923478e-05
3.154235229255040784e-05
3.086833571882170317e-05
3.020874049674330579e-05
2.956339496926128468e-05
2.893210386276262545e-05
2.831468439144095006e-05
2.771094541317517952e-05
2.712068648539907556e-05
2.654369645635666644e-05
2.597977804960238966e-05
2.542871736089993823e-05
2.489028362736548747e-05
2.436425069315641860e-05
2.385041080906646593e-05
2.334851521956270303e-05
2.285834289569554494e-05
2.237965885902157409e-05
2.191223245341178413e-05
2.145581813568724598e-05
2.101018200312268686e-05
2.057508170836961880e-05
2.015028272851629034e-05
1.973553968464613085e-05
1.933062031033583187e-05
1.893528660257830337e-05
1.854930212007476810e-05
1.817242890291260080e-05
1.780443512825279328e-05
1.744508877768994847e-05
1.709415724890310366e-05
1.675140479028756858e-05
1.641663004009287822e-05
1.608959253747516220e-05
1.577008400463253117e-05
1.545788239446188551e-05
1.515277413297264007e-05
1.485456074415738460e-05
1.456302846657651760e-05
1.427796876205547844e-05
1.399920808921839194e-05
1.372653788293709603e-05
1.345977795524656625e-05
1.319874133221299993e-05
1.294323856485032847e-05
1.269311540627253947e-05
1.244818880565440795e-05
1.220828210448415551e-05
1.197326264070054812e-05
1.174295524000843846e-05
1.151721838683551502e-05
1.129589711299328529e-05
1.107883760084920362e-05
1.086593355866936142e-05
1.065703189677880727e-05
1.045199440304579756e-05
1.025072995643823091e-05
1.005309264234890445e-05
9.858985193768038589e-06
9.668285989306170364e-06
9.480870864154651611e-06
9.296684662460017579e-06
9.115600767885036294e-06
8.937520296690757397e-06
8.762388702590915646e-06
8.590085016758653523e-06
8.420555206735338773e-06
8.253704607604503426e-06
8.089434621894563477e-06
7.927736397604580912e-06
7.768505962971012797e-06
7.611679169288543930e-06
7.457229626511963700e-06
7.305057819456001177e-06
7.155148473897828114e-06
7.007425951823032095e-06
6.861811679713889329e-06
6.718337041302761463e-06
6.576911276074792492e-06
6.437501316759311564e-06
6.300099311323191961e-06
6.164620087865031490e-06
6.031085401475081757e-06
5.899429240061500504e-06
5.769588085960546028e-06
5.641626358229814032e-06
5.515458750377913532e-06
5.391077708695399612e-06
5.268483988947133162e-06
5.147600238226185617e-06
5.028483791511855631e-06
4.911070169889080483e-06
4.795305879654571289e-06
4.681280091817657276e-06
4.568904373579163096e-06
4.458192665221238136e-06
4.349145653672084127e-06
4.241689686949514238e-06
4.135915427047470083e-06
4.031749502925621591e-06
3.929143713149059018e-06
3.828203002023949564e-06
3.728831794328018712e-06
3.631065183768705553e-06
3.534895433352956596e-06
3.440246108536747919e-06
3.347236629386340729e-06
3.255779685309007066e-06
3.165833585896182035e-06
3.077509293917577990e-06
2.990698701877317617e-06
2.905457370919131664e-06
2.821766724714458973e-06
2.739544885228757200e-06
2.658930757853014423e-06
2.579819049724160885e-06
2.502180702351659315e-06
2.426122788038758134e-06
2.351520121701092868e-06
2.278448386331047626e-06
2.206879189448734122e-06
2.136720835744247719e-06
2.068123441246428097e-06
2.000967699081033757e-06
1.935236990235275521e-06
1.871023412586332694e-06
1.808194111514761858e-06
1.746837466285597603e-06
1.686912352453719357e-06
1.628325161249589738e-06
1.571224606853098540e-06
1.515479933709513003e-06
1.461092486987773964e-06
1.408125320593799597e-06
1.356453177059439197e-06
1.306165085316045953e-06
1.257210218898756607e-06
1.209499618114904375e-06
1.163169411406803071e-06
1.118086624912138134e-06
1.074266434887916930e-06
1.031745674137466130e-06
9.904112128981519036e-07
9.503511960918959087e-07
9.115077300990337804e-07
8.738056041231205822e-07
8.373624318184235683e-07
8.020532580766340072e-07
7.679035517739866831e-07
7.349289117699207593e-07
7.030299152786046729e-07
6.722870500803492669e-07
6.426329772931310813e-07
6.140014816886951109e-07
5.864762628523592899e-07
5.599324524895777504e-07
5.343854787962935203e-07
5.098179475592587568e-07
4.861288581826076635e-07
4.633704174355353186e-07
4.414564520535840762e-07
4.203205257114936398e-07
4.000072694111965774e-07
3.803983469684528708e-07
3.615037014245127759e-07
3.432939545083276016e-07
3.256880772864003807e-07
3.087336604913565876e-07
