# k_h
1.000000000000000378e-06
1.030090866614773760e-06
1.061087193483173338e-06
1.093016226688919793e-06
1.125906032173998733e-06
1.159785520408913294e-06
1.194684471805283402e-06
1.230633562893117157e-06
1.267664393285794910e-06
1.305809513456455201e-06
1.345102453350173107e-06
1.385577751857137618e-06
1.427270987172668277e-06
1.470218808070814240e-06
1.514458966119004190e-06
1.560030348862038631e-06
1.606973014004641711e-06
1.655328224622595636e-06
1.705138485433383710e-06
1.756447580158273021e-06
1.809300610008656966e-06
1.863744033330455508e-06
1.919825706441478754e-06
1.977594925697621881e-06
2.037102470824841753e-06
2.098400649555053724e-06
2.161543343605168375e-06
2.226586056039638834e-06
2.293585960058241822e-06
2.362601949251870987e-06
2.433694689370608459e-06
2.506926671649541243e-06
2.582362267739165487e-06
2.660067786288723447e-06
2.740111531232192733e-06
2.822563861828102999e-06
2.907497254506046811e-06
2.994986366574207876e-06
3.085108101843856960e-06
3.177941678228591626e-06
3.273568697377696797e-06
3.372073216404786575e-06
3.473541821774866430e-06
3.578063705414730670e-06
3.685730743113520578e-06
3.796637575282518767e-06
3.910881690144981098e-06
4.028563509429293596e-06
4.149786476640666207e-06
4.274657147989050307e-06
4.403285286053068345e-06
4.535783956262485854e-06
4.672269626283808416e-06
4.812862268396563078e-06
4.957685464950159826e-06
5.106866516993975644e-06
5.260536556176283559e-06
5.418830660010323157e-06
5.581887970608738080e-06
5.749851816990923003e-06
5.922869841070709300e-06
6.101094127435020342e-06
6.284681337027845048e-06
6.473792844856704842e-06
6.668594881842961628e-06
6.869258680940446770e-06
7.075960627650999135e-06
7.288882415069020536e-06
7.508211203591629266e-06
7.734139785434450819e-06
7.966866754097971437e-06
8.206596678933190107e-06
8.453540284960210581e-06
8.707914638097546050e-06
8.969943335965372395e-06
9.239856704429980926e-06
9.517892000062586159e-06
9.804293618690287617e-06
1.009931331022235146e-05
1.040321039994105774e-05
1.071625201645110582e-05
1.103871332648843322e-05
1.137087777679449711e-05
1.171303734326891005e-05
1.206549278761905247e-05
1.242855392173280624e-05
1.280253988000618637e-05
1.318777939986576899e-05
1.358461111073216193e-05
1.399338383167876989e-05
1.441445687804711650e-05
1.484820037728883355e-05
1.529499559431126004e-05
1.575523526661319867e-05
1.622932394950522819e-05
1.671767837171770588e-05
1.722072780170974551e-05
1.773891442500031152e-05
1.827269373285387454e-05
1.882253492266175215e-05
1.938892131037148027e-05
1.997235075532616927e-05
2.057333609788815555e-05
2.119240561023061020e-05
2.183010346069423144e-05
2.248699019211664323e-05
2.316364321455534008e-05
2.386065731283668330e-05
2.457864516937806668e-05
2.531823790274166604e-05
2.608008562239411777e-05
2.686485800015944820e-05
2.767324485886702240e-05
2.850595677871315095e-05
2.936372572186790150e-05
3.024730567587741899e-05
3.115747331642646460e-05
3.209502869004441657e-05
3.306079591735380547e-05
3.405562391748114090e-05
3.508038715426494873e-05
3.613598640491854660e-05
3.722334955182214514e-05
3.834343239814110504e-05
3.949721950798607928e-05
4.068572507185531348e-05
4.190999379811784936e-05
4.317110183132291212e-05
4.447015769814204695e-05
4.580830328177477444e-05
4.718671482567566032e-05
4.860660396748441167e-05
5.006921880406710025e-05
5.157584498860609041e-05
5.312780686070246613e-05
5.472646861048320572e-05
5.637323547773883374e-05
5.806955498714267756e-05
5.981691822064003701e-05
6.161686112812400900e-05
6.347096587755140227e-05
6.538086224568351789e-05
6.734822905067724876e-05
6.937479562778238375e-05
7.146234334944513592e-05
7.361270719115229006e-05
7.582777734439348927e-05
7.810950087815836027e-05
8.045988345042954831e-05
8.288099107117662936e-05
8.537495191839962786e-05
8.794395820881872286e-05
9.059026812485532437e-05
9.331620779959689171e-05
9.612417336149103235e-05
9.901663304056701692e-05
1.019961293380344949e-04
1.050652812611684603e-04
1.082267866254417221e-04
1.114834244259334207e-04
1.148380572800923588e-04
1.182936339440073155e-04
1.218531919043930388e-04
1.255198600485722790e-04
1.292968614147988837e-04
1.331875160253404293e-04
1.371952438048119546e-04
1.413235675863238358e-04
1.455761162080875491e-04
1.499566277032015899e-04
1.544689525854198587e-04
1.591170572337914787e-04
1.639050273791487497e-04
1.688370716955051878e-04
1.739175254995235570e-04
1.791508545613008365e-04
1.845416590298275977e-04
1.900946774765631300e-04
1.958147910606887346e-04
2.017070278196952764e-04
2.077765670890797261e-04
2.140287440550327333e-04
2.204690544441201847e-04
2.271031593540834065e-04
2.339368902300007370e-04
2.409762539901861200e-04
2.482274383063320998e-04
2.556968170425348379e-04
2.633909558579838666e-04
2.713166179782440599e-04
2.794807701401983324e-04
2.878905887158811762e-04
2.965534660205788073e-04
3.054770168107527302e-04
3.146690849774839852e-04
3.241377504413342405e-04
3.338913362546765064e-04
3.439384159177441059e-04
3.542878209148213678e-04
3.649486484772076177e-04
3.759302695797767557e-04
3.872423371781576174e-04
3.988947946937782918e-04
4.108978847542357695e-04
4.232621581966679921e-04
4.359984833420446062e-04
4.491180555485331451e-04
4.626324070523300325e-04
4.765534171046132209e-04
4.908933224135221540e-04
5.056647279003498741e-04
5.208806177793949554e-04
5.365543669712149848e-04
5.526997528593195113e-04
5.693309674006274317e-04
5.864626296003390372e-04
6.041097983621915952e-04
6.222879857253853361e-04
6.410131704998238509e-04
6.603018123116464067e-04
6.801708660714086150e-04
7.006377968776183020e-04
7.217205953687306835e-04
7.434377935371052791e-04
7.658084810188110292e-04
7.888523218736102731e-04
8.125895718698626169e-04
8.370410962895536528e-04
8.622283882690861927e-04
8.881735876919615242e-04
9.148995006499642448e-04
9.424296194899449636e-04
9.707881434638276127e-04
1.000000000000000238e-03
1.030090866614772564e-03
1.061087193483173981e-03
1.093016226688919412e-03
1.125906032173997493e-03
1.159785520408914078e-03
1.194684471805283104e-03
1.230633562893115656e-03
1.267664393285795584e-03
1.305809513456454877e-03
1.345102453350173954e-03
1.385577751857137128e-03
1.427270987172667843e-03
1.470218808070815038e-03
1.514458966119003802e-03
1.560030348862038226e-03
1.606973014004642753e-03
1.655328224622595228e-03
1.705138485433383300e-03
1.756447580158274242e-03
1.809300610008656666e-03
1.863744033330453492e-03
1.919825706441479754e-03
1.977594925697621474e-03
2.037102470824839456e-03
2.098400649555054974e-03
2.161543343605167901e-03
2.226586056039639959e-03
2.293585960058241134e-03
2.362601949251870448e-03
2.433694689370609777e-03
2.506926671649540705e-03
2.582362267739164979e-03
2.660067786288725436e-03
2.740111531232192286e-03
2.822563861828102528e-03
2.907497254506048821e-03
2.994986366574207449e-03
3.085108101843856299e-03
3.177941678228590576e-03
3.273568697377696093e-03
3.372073216404785755e-03
3.473541821774865732e-03
3.578063705414729918e-03
3.685730743113525918e-03
3.796637575282517645e-03
3.910881690144980827e-03
4.028563509429292783e-03
4.149786476640665231e-03
4.274657147989049250e-03
4.403285286053075162e-03
4.535783956262483957e-03
4.672269626283807528e-03
4.812862268396562136e-03
4.957685464950158105e-03
5.106866516993974377e-03
5.260536556176282665e-03
5.418830660010321917e-03
5.581887970608736399e-03
5.749851816990922231e-03
5.922869841070707748e-03
6.101094127435030025e-03
6.284681337027843429e-03
6.473792844856703609e-03
6.668594881842960544e-03
6.869258680940445137e-03
7.075960627650997210e-03
7.288882415069031229e-03
7.508211203591626942e-03
7.734139785434449368e-03
7.966866754097955486e-03
8.206596678933189212e-03
8.453540284960208914e-03
8.707914638097544180e-03
8.969943335965369427e-03
9.239856704429979042e-03
9.517892000062583638e-03
9.804293618690285150e-03
1.009931331022236728e-02
1.040321039994105551e-02
1.071625201645110340e-02
1.103871332648843039e-02
1.137087777679449303e-02
1.171303734326890715e-02
1.206549278761907124e-02
1.242855392173280310e-02
1.280253988000618418e-02
1.318777939986576567e-02
1.358461111073215773e-02
1.399338383167876738e-02
1.441445687804711329e-02
1.484820037728883102e-02
1.529499559431125519e-02
1.575523526661319271e-02
1.622932394950522481e-02
1.671767837171773269e-02
1.722072780170974191e-02
1.773891442500030724e-02
1.827269373285387091e-02
1.882253492266174749e-02
1.938892131037147498e-02
1.997235075532619725e-02
2.057333609788815007e-02
2.119240561023060312e-02
2.183010346069422583e-02
2.248699019211663694e-02
2.316364321455533642e-02
2.386065731283667710e-02
2.457864516937806332e-02
2.531823790274165958e-02
2.608008562239411132e-02
2.686485800015944031e-02
2.767324485886706389e-02
2.850595677871314501e-02
2.936372572186789556e-02
3.024730567587741170e-02
3.115747331642645945e-02
3.209502869004440817e-02
3.306079591735385653e-02
3.405562391748113288e-02
3.508038715426493870e-02
3.613598640491853808e-02
3.722334955182213939e-02
3.834343239814110016e-02
3.949721950798606995e-02
4.068572507185530540e-02
4.190999379811784220e-02
4.317110183132290280e-02
4.447015769814204045e-02
4.580830328177476485e-02
4.718671482567565051e-02
4.860660396748440332e-02
5.006921880406708936e-02
5.157584498860608158e-02
5.312780686070245340e-02
5.472646861048328926e-02
5.637323547773882143e-02
5.806955498714266861e-02
5.981691822064002378e-02
6.161686112812399252e-02
6.347096587755138297e-02
6.538086224568361027e-02
6.734822905067723575e-02
6.937479562778235687e-02
7.146234334944499833e-02
7.361270719115227401e-02
7.582777734439360984e-02
7.810950087815834997e-02
8.045988345042952294e-02
8.288099107117660735e-02
8.537495191839945818e-02
8.794395820881870107e-02
9.059026812485546087e-02
9.331620779959687306e-02
9.612417336149101099e-02
9.901663304056698700e-02
1.019961293380344663e-01
1.050652812611684306e-01
1.082267866254418981e-01
1.114834244259333973e-01
1.148380572800923316e-01
1.182936339440070761e-01
1.218531919043930184e-01
1.255198600485724902e-01
1.292968614147988471e-01
1.331875160253404022e-01
1.371952438048119061e-01
1.413235675863235563e-01
1.455761162080875248e-01
1.499566277032018391e-01
1.544689525854198164e-01
1.591170572337914368e-01
1.639050273791487211e-01
1.688370716955051309e-01
1.739175254995235231e-01
1.791508545613011150e-01
1.845416590298275539e-01
1.900946774765630842e-01
1.958147910606886921e-01
2.017070278196952116e-01
2.077765670890800442e-01
2.140287440550326659e-01
2.204690544441201272e-01
2.271031593540833449e-01
2.339368902300002495e-01
2.409762539901860734e-01
2.482274383063324819e-01
2.556968170425347742e-01
2.633909558579837773e-01
2.713166179782440235e-01
2.794807701401982869e-01
2.878905887158811350e-01
2.965534660205792483e-01
3.054770168107526773e-01
3.146690849774839149e-01
3.241377504413341382e-01
3.338913362546764296e-01
3.439384159177443223e-01
3.542878209148209723e-01
3.649486484772075379e-01
3.759302695797769878e-01
3.872423371781571477e-01
3.988947946937781985e-01
4.108978847542360535e-01
4.232621581966675151e-01
4.359984833420444961e-01
4.491180555485334569e-01
4.626324070523298859e-01
4.765534171046130751e-01
4.908933224135224593e-01
5.056647279003497752e-01
5.208806177793948722e-01
5.365543669712153907e-01
5.526997528593193820e-01
5.693309674006272747e-01
5.864626296003383477e-01
6.041097983621913636e-01
6.222879857253856839e-01
6.410131704998230928e-01
6.603018123116463078e-01
6.801708660714090859e-01
7.006377968776175136e-01
7.217205953687305664e-01
7.434377935371058177e-01
7.658084810188108271e-01
7.888523218736100961e-01
8.125895718698631365e-01
8.370410962895534768e-01
8.622283882690859880e-01
8.881735876919620853e-01
9.148995006499639482e-01
9.424296194899447476e-01
9.707881434638282458e-01
1.000000000000000000e+00
1.030090866614773226e+00
1.061087193483172930e+00
1.093016226688919179e+00
1.125906032173998206e+00
1.159785520408912696e+00
1.194684471805282699e+00
1.230633562893116428e+00
1.267664393285794278e+00
1.305809513456454685e+00
1.345102453350174976e+00
1.385577751857136830e+00
1.427270987172667427e+00
1.470218808070816063e+00
1.514458966119003325e+00
1.560030348862037730e+00
1.606973014004643652e+00
1.655328224622594879e+00
1.705138485433382867e+00
1.756447580158272181e+00
1.809300610008656163e+00
1.863744033330454686e+00
1.919825706441477653e+00
1.977594925697621075e+00
2.037102470824840861e+00
2.098400649555052677e+00
2.161543343605167422e+00
2.226586056039641548e+00
2.293585960058240669e+00
2.362601949251869726e+00
2.433694689370611286e+00
2.506926671649540417e+00
2.582362267739164441e+00
2.660067786288727198e+00
2.740111531232191755e+00
2.822563861828101928e+00
2.907497254506050677e+00
2.994986366574206471e+00
3.085108101843855533e+00
3.177941678228589861e+00
3.273568697377695180e+00
3.372073216404785079e+00
3.473541821774864591e+00
3.578063705414729068e+00
3.685730743113525332e+00
3.796637575282516774e+00
3.910881690144979661e+00
4.028563509429291756e+00
4.149786476640664468e+00
4.274657147989048056e+00
4.403285286053074010e+00
4.535783956262482874e+00
4.672269626283806154e+00
4.812862268396569831e+00
4.957685464950157161e+00
5.106866516993973093e+00
5.260536556176281131e+00
5.418830660010320877e+00
5.581887970608735650e+00
5.749851816990920739e+00
5.922869841070705910e+00
6.101094127435028547e+00
6.284681337027842041e+00
6.473792844856701478e+00
6.668594881842959232e+00
6.869258680940443007e+00
7.075960627650996315e+00
7.288882415069029896e+00
7.508211203591625527e+00
7.734139785434448022e+00
7.966866754097967629e+00
8.206596678933186340e+00
8.453540284960206819e+00
8.707914638097557614e+00
8.969943335965368192e+00
9.239856704429977086e+00
9.517892000062598612e+00
9.804293618690300249e+00
1.009931331022234779e+01
1.040321039994105234e+01
1.071625201645110081e+01
1.103871332648842696e+01
1.137087777679451150e+01
1.171303734326888346e+01
1.206549278761904631e+01
1.242855392173280116e+01
1.280253988000618115e+01
1.318777939986576264e+01
1.358461111073217964e+01
1.399338383167873978e+01
1.441445687804711007e+01
1.484820037728882802e+01
1.529499559431125277e+01
1.575523526661321760e+01
1.622932394950525037e+01
1.671767837171769955e+01
1.722072780170973516e+01
1.773891442500030280e+01
1.827269373285386678e+01
1.882253492266177730e+01
1.938892131037150435e+01
1.997235075532615767e+01
2.057333609788814499e+01
2.119240561023059755e+01
2.183010346069422170e+01
2.248699019211667149e+01
2.316364321455528952e+01
2.386065731283667191e+01
2.457864516937805632e+01
2.531823790274165376e+01
2.608008562239415085e+01
2.686485800015948300e+01
2.767324485886700813e+01
2.850595677871313782e+01
2.936372572186788688e+01
3.024730567587740282e+01
3.115747331642650764e+01
3.209502869004445813e+01
3.306079591735378642e+01
3.405562391748112816e+01
3.508038715426493326e+01
3.613598640491852620e+01
3.722334955182219574e+01
3.834343239814101878e+01
3.949721950798605974e+01
4.068572507185529474e+01
4.190999379811783143e+01
4.317110183132297152e+01
4.447015769814210984e+01
4.580830328177467692e+01
4.718671482567563658e+01
4.860660396748438927e+01
5.006921880406707714e+01
5.157584498860615696e+01
5.312780686070253466e+01
5.472646861048318101e+01
5.637323547773880961e+01
5.806955498714265218e+01
5.981691822064000519e+01
6.161686112812409277e+01
6.347096587755125796e+01
6.538086224568348825e+01
6.734822905067721877e+01
6.937479562778234765e+01
7.146234334944510636e+01
7.361270719115239558e+01
7.582777734439345352e+01
7.810950087815832887e+01
8.045988345042951551e+01
8.288099107117659514e+01
8.537495191839958864e+01
8.794395820881882742e+01
9.059026812485528524e+01
9.331620779959685308e+01
9.612417336149098901e+01
9.901663304056695836e+01
1.019961293380346206e+02
1.050652812611682236e+02
1.082267866254416759e+02
1.114834244259333786e+02
1.148380572800923005e+02
1.182936339440072544e+02
1.218531919043931993e+02
1.255198600485722267e+02
1.292968614147988262e+02
1.331875160253403862e+02
1.371952438048118665e+02
1.413235675863237759e+02
1.455761162080877398e+02
1.499566277032015194e+02
1.544689525854197996e+02
1.591170572337913995e+02
1.639050273791486632e+02
1.688370716955054149e+02
1.739175254995237765e+02
1.791508545613007470e+02
1.845416590298275139e+02
1.900946774765630209e+02
1.958147910606886342e+02
2.017070278196955257e+02
2.077765670890796343e+02
2.140287440550326323e+02
2.204690544441200757e+02
2.271031593540832887e+02
2.339368902300006141e+02
2.409762539901864500e+02
2.482274383063320045e+02
2.556968170425347182e+02
2.633909558579837267e+02
2.713166179782439826e+02
2.794807701401987288e+02
2.878905887158815631e+02
2.965534660205786395e+02
3.054770168107526160e+02
3.146690849774838057e+02
3.241377504413340489e+02
3.338913362546769577e+02
3.439384159177436118e+02
3.542878209148208839e+02
3.649486484772074846e+02
3.759302695797769047e+02
3.872423371781577544e+02
3.988947946937788060e+02
4.108978847542352355e+02
4.232621581966674285e+02
4.359984833420444374e+02
4.491180555485333343e+02
4.626324070523306204e+02
4.765534171046137999e+02
4.908933224135214459e+02
5.056647279003496465e+02
5.208806177793946972e+02
5.365543669712152450e+02
5.526997528593201423e+02
5.693309674006261503e+02
5.864626296003382322e+02
6.041097983621912135e+02
6.222879857253855107e+02
6.410131704998241275e+02
6.603018123116472680e+02
6.801708660714077723e+02
7.006377968776173475e+02
7.217205953687303008e+02
7.434377935371055628e+02
7.658084810188120173e+02
7.888523218736113449e+02
8.125895718698615156e+02
8.370410962895532521e+02
8.622283882690858263e+02
8.881735876919618704e+02
9.148995006499653755e+02
9.424296194899428656e+02
9.707881434638263727e+02
9.999999999999997726e+02
