# z
0.000000000000000000e+00
1.754385964912280604e-02
3.508771929824561209e-02
5.263157894736841813e-02
7.017543859649122417e-02
8.771929824561403022e-02
1.052631578947368363e-01
1.228070175438596423e-01
1.403508771929824483e-01
1.578947368421052544e-01
1.754385964912280604e-01
1.929824561403508665e-01
2.105263157894736725e-01
2.280701754385964786e-01
2.456140350877192846e-01
2.631578947368420907e-01
2.807017543859648967e-01
2.982456140350877027e-01
3.157894736842105088e-01
3.333333333333333148e-01
3.508771929824561209e-01
3.684210526315789269e-01
3.859649122807017330e-01
4.035087719298245390e-01
4.210526315789473450e-01
4.385964912280701511e-01
4.561403508771929571e-01
4.736842105263157632e-01
4.912280701754385692e-01
5.087719298245614308e-01
5.263157894736841813e-01
5.438596491228069318e-01
5.614035087719297934e-01
5.789473684210526550e-01
5.964912280701754055e-01
6.140350877192981560e-01
6.315789473684210176e-01
6.491228070175438791e-01
6.666666666666666297e-01
6.842105263157893802e-01
7.017543859649122417e-01
7.192982456140351033e-01
7.368421052631578538e-01
7.543859649122806044e-01
7.719298245614034659e-01
7.894736842105263275e-01
8.070175438596490780e-01
8.245614035087718285e-01
8.421052631578946901e-01
8.596491228070175517e-01
8.771929824561403022e-01
8.947368421052630527e-01
9.122807017543859143e-01
9.298245614035087758e-01
9.473684210526315264e-01
9.649122807017542769e-01
9.824561403508771384e-01
1.000000000000000000e+00
1.017543859649122862e+00
1.035087719298245501e+00
1.052631578947368363e+00
1.070175438596491224e+00
1.087719298245613864e+00
1.105263157894736725e+00
1.122807017543859587e+00
1.140350877192982448e+00
1.157894736842105310e+00
1.175438596491227949e+00
1.192982456140350811e+00
1.210526315789473673e+00
1.228070175438596312e+00
1.245614035087719174e+00
1.263157894736842035e+00
1.280701754385964897e+00
1.298245614035087758e+00
1.315789473684210398e+00
1.333333333333333259e+00
1.350877192982456121e+00
1.368421052631578760e+00
1.385964912280701622e+00
1.403508771929824483e+00
1.421052631578947345e+00
1.438596491228070207e+00
1.456140350877192846e+00
1.473684210526315708e+00
1.491228070175438569e+00
1.508771929824561209e+00
1.526315789473684070e+00
1.543859649122806932e+00
1.561403508771929793e+00
1.578947368421052655e+00
1.596491228070175294e+00
1.614035087719298156e+00
1.631578947368421018e+00
1.649122807017543657e+00
1.666666666666666519e+00
1.684210526315789380e+00
1.701754385964912242e+00
1.719298245614035103e+00
1.736842105263157743e+00
1.754385964912280604e+00
1.771929824561403466e+00
1.789473684210526105e+00
1.807017543859648967e+00
1.824561403508771829e+00
1.842105263157894690e+00
1.859649122807017552e+00
1.877192982456140191e+00
1.894736842105263053e+00
1.912280701754385914e+00
1.929824561403508554e+00
1.947368421052631415e+00
1.964912280701754277e+00
1.982456140350877138e+00
2.000000000000000000e+00
2.017543859649122862e+00
2.035087719298245723e+00
2.052631578947368141e+00
2.070175438596491002e+00
2.087719298245613864e+00
2.105263157894736725e+00
2.122807017543859587e+00
2.140350877192982448e+00
2.157894736842105310e+00
2.175438596491227727e+00
2.192982456140350589e+00
2.210526315789473450e+00
2.228070175438596312e+00
2.245614035087719174e+00
2.263157894736842035e+00
2.280701754385964897e+00
2.298245614035087758e+00
2.315789473684210620e+00
2.333333333333333037e+00
2.350877192982455899e+00
2.368421052631578760e+00
2.385964912280701622e+00
2.403508771929824483e+00
2.421052631578947345e+00
2.438596491228070207e+00
2.456140350877192624e+00
2.473684210526315486e+00
2.491228070175438347e+00
2.508771929824561209e+00
2.526315789473684070e+00
2.543859649122806932e+00
2.561403508771929793e+00
2.578947368421052655e+00
2.596491228070175517e+00
2.614035087719297934e+00
2.631578947368420796e+00
2.649122807017543657e+00
2.666666666666666519e+00
2.684210526315789380e+00
2.701754385964912242e+00
2.719298245614035103e+00
2.736842105263157521e+00
2.754385964912280382e+00
2.771929824561403244e+00
2.789473684210526105e+00
2.807017543859648967e+00
2.824561403508771829e+00
2.842105263157894690e+00
2.859649122807017552e+00
2.877192982456140413e+00
2.894736842105262831e+00
2.912280701754385692e+00
2.929824561403508554e+00
2.947368421052631415e+00
2.964912280701754277e+00
2.982456140350877138e+00
3.000000000000000000e+00
3.017543859649122417e+00
3.035087719298245279e+00
3.052631578947368141e+00
3.070175438596491002e+00
3.087719298245613864e+00
3.105263157894736725e+00
3.122807017543859587e+00
3.140350877192982448e+00
3.157894736842105310e+00
3.175438596491227727e+00
3.192982456140350589e+00
3.210526315789473450e+00
3.228070175438596312e+00
3.245614035087719174e+00
3.263157894736842035e+00
3.280701754385964897e+00
3.298245614035087314e+00
3.315789473684210176e+00
3.333333333333333037e+00
3.350877192982455899e+00
3.368421052631578760e+00
3.385964912280701622e+00
3.403508771929824483e+00
3.421052631578947345e+00
3.438596491228070207e+00
3.456140350877192624e+00
3.473684210526315486e+00
3.491228070175438347e+00
3.508771929824561209e+00
3.526315789473684070e+00
3.543859649122806932e+00
3.561403508771929793e+00
3.578947368421052211e+00
3.596491228070175072e+00
3.614035087719297934e+00
3.631578947368420796e+00
3.649122807017543657e+00
3.666666666666666519e+00
3.684210526315789380e+00
3.701754385964912242e+00
3.719298245614035103e+00
3.736842105263157521e+00
3.754385964912280382e+00
3.771929824561403244e+00
3.789473684210526105e+00
3.807017543859648967e+00
3.824561403508771829e+00
3.842105263157894690e+00
3.859649122807017108e+00
3.877192982456139969e+00
3.894736842105262831e+00
3.912280701754385692e+00
3.929824561403508554e+00
3.947368421052631415e+00
3.964912280701754277e+00
3.982456140350877138e+00
4.000000000000000000e+00
4.017543859649122417e+00
4.035087719298245723e+00
4.052631578947368141e+00
4.070175438596491446e+00
4.087719298245613864e+00
4.105263157894736281e+00
4.122807017543859587e+00
4.140350877192982004e+00
4.157894736842105310e+00
4.175438596491227727e+00
4.192982456140351033e+00
4.210526315789473450e+00
4.228070175438595868e+00
4.245614035087719174e+00
4.263157894736841591e+00
4.280701754385964897e+00
4.298245614035087314e+00
4.315789473684210620e+00
4.333333333333333037e+00
4.350877192982455455e+00
4.368421052631578760e+00
4.385964912280701178e+00
4.403508771929824483e+00
4.421052631578946901e+00
4.438596491228070207e+00
4.456140350877192624e+00
4.473684210526315930e+00
4.491228070175438347e+00
4.508771929824560765e+00
4.526315789473684070e+00
4.543859649122806488e+00
4.561403508771929793e+00
4.578947368421052211e+00
4.596491228070175517e+00
4.614035087719297934e+00
4.631578947368421240e+00
4.649122807017543657e+00
4.666666666666666075e+00
4.684210526315789380e+00
4.701754385964911798e+00
4.719298245614035103e+00
4.736842105263157521e+00
4.754385964912280826e+00
4.771929824561403244e+00
4.789473684210525661e+00
4.807017543859648967e+00
4.824561403508771384e+00
4.842105263157894690e+00
4.859649122807017108e+00
4.877192982456140413e+00
4.894736842105262831e+00
4.912280701754385248e+00
4.929824561403508554e+00
4.947368421052630971e+00
4.964912280701754277e+00
4.982456140350876694e+00
5.000000000000000000e+00
5.017543859649122417e+00
5.035087719298245723e+00
5.052631578947368141e+00
5.070175438596490558e+00
5.087719298245613864e+00
5.105263157894736281e+00
5.122807017543859587e+00
5.140350877192982004e+00
5.157894736842105310e+00
5.175438596491227727e+00
5.192982456140351033e+00
5.210526315789473450e+00
5.228070175438595868e+00
5.245614035087719174e+00
5.263157894736841591e+00
5.280701754385964897e+00
5.298245614035087314e+00
5.315789473684210620e+00
5.333333333333333037e+00
5.350877192982455455e+00
5.368421052631578760e+00
5.385964912280701178e+00
5.403508771929824483e+00
5.421052631578946901e+00
5.438596491228070207e+00
5.456140350877192624e+00
5.473684210526315042e+00
5.491228070175438347e+00
5.508771929824560765e+00
5.526315789473684070e+00
5.543859649122806488e+00
5.561403508771929793e+00
5.578947368421052211e+00
5.596491228070175517e+00
5.614035087719297934e+00
5.631578947368420351e+00
5.649122807017543657e+00
5.666666666666666075e+00
5.684210526315789380e+00
5.701754385964911798e+00
5.719298245614035103e+00
5.736842105263157521e+00
5.754385964912280826e+00
5.771929824561403244e+00
5.789473684210525661e+00
5.807017543859648967e+00
5.824561403508771384e+00
5.842105263157894690e+00
5.859649122807017108e+00
5.877192982456140413e+00
5.894736842105262831e+00
5.912280701754385248e+00
5.929824561403508554e+00
5.947368421052630971e+00
5.964912280701754277e+00
5.982456140350876694e+00
6.000000000000000000e+00
6.017543859649122417e+00
6.035087719298244835e+00
6.052631578947368141e+00
6.070175438596490558e+00
6.087719298245613864e+00
6.105263157894736281e+00
6.122807017543859587e+00
6.140350877192982004e+00
6.157894736842105310e+00
6.175438596491227727e+00
6.192982456140350145e+00
6.210526315789473450e+00
6.228070175438595868e+00
6.245614035087719174e+00
6.263157894736841591e+00
6.280701754385964897e+00
6.298245614035087314e+00
6.315789473684210620e+00
6.333333333333333037e+00
6.350877192982455455e+00
6.368421052631578760e+00
6.385964912280701178e+00
6.403508771929824483e+00
6.421052631578946901e+00
6.438596491228070207e+00
6.456140350877192624e+00
6.473684210526315042e+00
6.491228070175438347e+00
6.508771929824560765e+00
6.526315789473684070e+00
6.543859649122806488e+00
6.561403508771929793e+00
6.578947368421052211e+00
6.596491228070174628e+00
6.614035087719297934e+00
6.631578947368420351e+00
6.649122807017543657e+00
6.666666666666666075e+00
6.684210526315789380e+00
6.701754385964911798e+00
6.719298245614035103e+00
6.736842105263157521e+00
6.754385964912279938e+00
6.771929824561403244e+00
6.789473684210525661e+00
6.807017543859648967e+00
6.824561403508771384e+00
6.842105263157894690e+00
6.859649122807017108e+00
6.877192982456140413e+00
6.894736842105262831e+00
6.912280701754385248e+00
6.929824561403508554e+00
6.947368421052630971e+00
6.964912280701754277e+00
6.982456140350876694e+00
7.000000000000000000e+00
