# bin_0
0.000000000000000000e+00
2.061048188801187564e+01
4.044532289070374986e+01
5.952535789478051953e+01
7.786801686042298343e+01
9.548824203535083655e+01
1.123970143978087464e+02
1.286039202610388656e+02
1.441142790539379064e+02
1.589295692379125455e+02
1.730438664755579055e+02
1.864443647698401492e+02
1.991153791794516223e+02
2.110391483416233882e+02
2.222002848822407373e+02
2.325867318725939299e+02
2.421946511838664833e+02
2.510236906970982034e+02
2.590753367972672550e+02
2.663549456751393336e+02
2.728685704768460596e+02
2.786235511876822670e+02
2.836305902302515278e+02
2.878991353090403891e+02
2.914427853930955052e+02
2.942749205533416443e+02
2.964114009738866571e+02
2.978703908372377782e+02
2.986698021072475626e+02
2.988307351358150186e+02
2.983750680961965145e+02
2.973254611890904471e+02
2.957161300881874126e+02
2.935951016681439114e+02
2.910237191895084834e+02
2.880696894047649721e+02
2.848053828815067732e+02
2.813022797847208949e+02
2.776253549954316213e+02
2.738270020541206122e+02
2.699223942881445737e+02
2.658804601426724048e+02
2.616352173729122796e+02
2.570991415284466370e+02
2.521789922899139924e+02
2.467907004948048666e+02
2.408764323397859926e+02
2.344206165335407377e+02
2.274490464874928080e+02
2.200110146340026631e+02
2.121707926740220387e+02
2.040034585320460394e+02
1.955900398554890103e+02
1.870099173622890021e+02
1.783368876001844399e+02
1.696321971139405775e+02
1.609419304615040005e+02
1.523079473002327120e+02
1.437723980502615575e+02
1.353770120269894903e+02
1.271617405999225525e+02
1.191635510429895106e+02
1.114157529200310108e+02
1.039461705205965387e+02
9.677614809741854174e+01
8.992121158345705112e+01
8.339459489423386174e+01
7.720817996116466020e+01
7.137205494938729089e+01
6.589390904447085973e+01
6.077903600250495231e+01
5.602963597593100076e+01
5.164450872261863168e+01
4.761881932763289171e+01
4.394383031287136276e+01
4.060874582454200521e+01
3.760107422174564107e+01
3.490691057667900310e+01
3.251116924686132847e+01
3.039791211664475767e+01
2.855041027953612698e+01
2.695158235697883242e+01
2.558412179130671404e+01
2.443058688516094890e+01
2.347298685506711990e+01
2.269176482530416905e+01
2.206699022124342946e+01
2.157798628071721936e+01
2.120468522172771486e+01
2.092741440990941726e+01
2.072793076931256451e+01
2.058963555555731162e+01
2.049836370481860470e+01
2.044248408218971136e+01
2.041299276767746207e+01
2.040262671862084076e+01
2.040606251264933846e+01
2.041934355305006221e+01
2.043984070383342555e+01
2.046587901866343984e+01
2.049652349648196648e+01
2.053132203548096868e+01
2.056999274993822979e+01
2.061215363010584767e+01
2.065737803720448795e+01
2.070509861804321616e+01
2.075476297013613802e+01
2.080582592525459518e+01
2.085769054529622224e+01
2.090990120181173140e+01
2.096196011765741574e+01
2.101344069164645134e+01
2.106408222584768453e+01
2.111365985039806503e+01
2.116210268185059107e+01
2.120934069382850495e+01
2.125528859771390344e+01
2.129989104409518319e+01
2.134303862164289356e+01
2.138467272404592379e+01
2.142474016127171765e+01
2.146315019764170984e+01
2.149991347758819416e+01
2.153498673544237008e+01
2.156838810462919298e+01
2.160016856979700250e+01
2.163038153028676192e+01
2.165912932072096453e+01
2.168651444281475804e+01
2.171262180223145322e+01
2.173760924929382199e+01
2.176155300828310146e+01
2.178459165184829160e+01
2.180680952519838556e+01
2.182826415209803628e+01
2.184903202072401029e+01
2.186913185832281670e+01
2.188854107533912696e+01
2.190725833243032028e+01
2.192520715346833882e+01
2.194236255831938109e+01
2.195862608818932671e+01
2.197391786782943868e+01
2.198818150272495586e+01
2.200131243674078263e+01
2.201327087688657969e+01
2.202397412387223596e+01
2.203339058259753713e+01
2.204151501268080082e+01
2.204830639560518435e+01
2.205380668717874570e+01
2.205800828650804490e+01
2.206090434457009408e+01
2.206252549335802726e+01
2.206286070978775982e+01
2.206191661976494345e+01
2.205970836893728304e+01
2.205624025102642349e+01
2.205151782878743205e+01
2.204553426457098908e+01
2.203830741214176214e+01
2.202983546230833767e+01
2.202010889924788373e+01
2.200914867069531056e+01
2.199691153975022573e+01
2.198343054327537160e+01
2.196869668500356099e+01
2.195267777879096727e+01
2.193540674424884429e+01
2.191683285487150812e+01
2.189699679359572215e+01
2.187585619544989868e+01
2.185342610036498456e+01
2.182972652224177068e+01
2.180467917184187243e+01
2.177838011783060423e+01
2.175076371350378324e+01
2.172189222434572997e+01
2.169177632569261860e+01
2.166044656223690623e+01
2.162795249922166718e+01
2.159432447442111425e+01
2.155962886487256469e+01
2.152389091212274508e+01
2.148716536519610898e+01
2.144951371631778869e+01
2.141094273735792086e+01
2.137151744047177360e+01
2.133125040625080260e+01
2.129018140840147311e+01
2.124831632469565079e+01
2.120563245213667258e+01
2.116217514181372650e+01
2.111789174139577341e+01
2.107281807338566892e+01
2.102692032144319967e+01
2.098018002571011209e+01
2.093259592764429655e+01
2.088412648659449644e+01
2.083480048671433593e+01
2.078456145180656023e+01
2.073342106801221618e+01
2.068138770542509164e+01
2.062842017970727326e+01
2.057457835728594375e+01
2.051982698761780100e+01
2.046421556899668559e+01
2.040775669297138251e+01
2.035049990739447523e+01
2.029248942394265853e+01
2.023373313806505180e+01
2.017431715351829524e+01
2.011425271274215731e+01
2.005361298808220383e+01
1.999241573956789253e+01
1.993071456060221536e+01
1.986856539527051524e+01
1.980595437138361348e+01
1.974295572527734421e+01
1.967954320218597530e+01
1.961575792831599330e+01
1.955158000877646174e+01
1.948700044251295438e+01
1.942202315530050072e+01
1.935660959429920425e+01
1.929075519589764198e+01
1.922440538633438223e+01
1.915756383188982781e+01
1.909017118023099968e+01
1.902222465876644364e+01
1.895367206047676945e+01
1.888449777467122104e+01
1.881468718425676556e+01
1.874416962981873169e+01
1.867298808720991943e+01
1.860107829841660987e+01
1.852847523543594832e+01
1.845514912409377573e+01
1.838111658350978672e+01
1.830637769498281386e+01
1.823093300445458809e+01
1.815480863450493487e+01
1.807796117103841027e+01
1.800044256847432678e+01
1.792222284770057783e+01
1.784332230989566170e+01
1.776374668792742639e+01
1.768348471461539262e+01
1.760256715407654582e+01
1.752095981720680840e+01
1.743870969281509176e+01
1.735577493589291720e+01
1.727220955838999217e+01
1.718797084204621584e+01
1.710310429925369391e+01
1.701758062657074078e+01
1.693142298311337157e+01
1.684463535147636293e+01
1.675719833375643120e+01
1.666915479649223641e+01
1.658045155352995081e+01
1.649115382408065145e+01
1.640119959747074319e+01
1.631064276714565864e+01
1.621945381892492577e+01
1.612763992303972671e+01
1.603521166873766646e+01
1.594217929557065894e+01
1.584853111403981707e+01
1.575428557380836203e+01
1.565945251001202898e+01
1.556401938065931212e+01
1.546803705146182928e+01
1.537146376560513694e+01
1.527436501426266346e+01
1.517672261218953444e+01
1.507858720462857427e+01
1.497993676027744137e+01
1.488083467196482168e+01
1.478127601102252875e+01
1.468128738654875853e+01
1.458090076502871568e+01
1.448014212773076892e+01
1.437903601941155074e+01
1.427760024546104134e+01
1.417587424143248676e+01
1.407388090077930087e+01
1.397165174437335011e+01
1.386919796582831843e+01
1.376658570080746813e+01
1.366378692226409974e+01
1.356087734197256900e+01
1.345784853446810025e+01
1.335475856450261745e+01
1.325160914647673849e+01
1.314844522525433668e+01
1.304526184995310878e+01
1.294211267790821118e+01
1.283900240891026989e+01
1.273597770387202743e+01
1.263303678445187828e+01
1.253022136948166931e+01
1.242754317036246015e+01
1.232504279267002900e+01
1.222272949624209382e+01
1.212064125198285502e+01
1.201879191898628640e+01
1.191720270227689404e+01
1.181590433763260428e+01
1.171492119104544649e+01
1.161426910937674073e+01
1.151398143235515548e+01
1.141408211708271914e+01
1.131456856631157137e+01
1.121550115522341251e+01
1.111687098653882089e+01
1.101872238236707524e+01
1.092105932360398235e+01
1.082389835810586121e+01
1.072724284946714057e+01
1.063110330312008323e+01
1.053543344862016973e+01
1.044026536079065259e+01
1.034554228059130132e+01
1.025127856265436499e+01
1.015741999562477105e+01
1.006396349451500249e+01
9.970866022852309385e+00
9.878104238417233063e+00
9.785646715339581192e+00
9.693461605766957589e+00
9.601528205695561979e+00
9.509811358288715155e+00
9.418293096571886736e+00
9.326942391862729664e+00
9.235751885489738910e+00
9.144695927439018490e+00
9.053777521051593169e+00
8.962977641051349309e+00
8.872316961011787129e+00
8.781782003816468674e+00
8.691406766262122829e+00
8.601178088543631972e+00
8.511134696512836939e+00
8.421269326376419784e+00
8.331618943941217381e+00
8.242183433087536315e+00
8.153001541872438196e+00
8.064068273018843769e+00
7.975434416907777546e+00
7.887087548586029229e+00
7.799085441899449300e+00
7.711408516653450285e+00
7.624120650544677247e+00
7.537198185616370338e+00
7.450691310137914414e+00
7.364618884887461192e+00
7.278981722391476339e+00
7.193816522237691302e+00
7.109117888706876442e+00
7.024923227085871247e+00
6.941219404410207794e+00
6.858042741525728125e+00
6.775376456119636792e+00
6.693235591071819535e+00
6.611637167229312162e+00
6.530567877600107707e+00
6.450042735715895148e+00
6.370057013418825242e+00
6.290619406117026635e+00
6.211734928891273988e+00
6.133388837672494986e+00
6.055610466415951798e+00
5.978394691627278767e+00
5.901734632076794718e+00
5.825653490926697486e+00
5.750125626063458562e+00
5.675172844878214384e+00
5.600805843003598739e+00
5.527005766830199285e+00
5.453797160875524241e+00
5.381167384770547457e+00
5.309110622684029224e+00
5.237656619156348725e+00
5.166793797579853909e+00
5.096510291267886572e+00
5.026830229867850441e+00
4.957751523593721288e+00
4.889261176746884985e+00
4.821372429695354178e+00
4.754091317517569415e+00
4.687406432130469369e+00
4.621330371114994229e+00
4.555862666776740788e+00
4.490985884717512810e+00
4.426724877047652384e+00
4.363084201719360067e+00
4.300039145597533974e+00
4.237602552763363839e+00
4.175793691284417797e+00
4.114593448322350078e+00
4.053998198894034566e+00
3.994023782693639557e+00
3.934668809164382886e+00
3.875937473032095681e+00
3.817817091482724301e+00
3.760314443132639184e+00
3.703439845026329280e+00
3.647185837572787914e+00
3.591543932663645577e+00
3.536527288493394927e+00
3.482143588138451484e+00
3.428370290640689877e+00
3.375214146052060382e+00
3.322683012075661857e+00
3.270775725703391146e+00
3.219495274401320994e+00
3.168823358796116541e+00
3.118769499135401801e+00
3.069334231071664032e+00
3.020519108586626533e+00
2.972321260421622480e+00
2.924725085902165844e+00
2.877739202244100181e+00
2.831359064171078632e+00
2.785587094036975575e+00
2.740414947293217995e+00
2.695825686613465333e+00
2.651827169476230317e+00
2.608414069333783392e+00
2.565578150668497148e+00
2.523319540264984173e+00
2.481630331984177928e+00
2.440494867397910106e+00
2.399914084584490404e+00
2.359883399769909129e+00
2.320395251442651130e+00
2.281443288006026915e+00
2.243027605808159741e+00
2.205130212336244622e+00
2.167744131661300422e+00
2.130871377533809508e+00
2.094502028811917604e+00
2.058631767118784150e+00
2.023252630457291090e+00
1.988363214728497086e+00
1.953958745206551439e+00
1.920021516849003573e+00
1.886552909402978484e+00
1.853551722604830809e+00
1.821010651142626946e+00
1.788927225972480439e+00
1.757296746435504264e+00
1.726116073141005680e+00
1.695381334002037610e+00
1.665088635713109610e+00
1.635243166095590839e+00
1.605831763210098240e+00
1.576847104397551602e+00
1.548295308708755202e+00
1.520171267826861294e+00
1.492473168372571601e+00
1.465197715799162470e+00
1.438342765392781164e+00
1.411905916381207327e+00
1.385884147031571034e+00
1.360275907808085938e+00
1.335077963300314474e+00
1.310288227461894106e+00
1.285904530357774966e+00
1.261923908483043144e+00
1.238344626009768135e+00
1.215163512987886829e+00
1.192378371624977840e+00
1.169986806149196701e+00
1.147985639015066894e+00
1.126372834559724145e+00
1.105144893733039479e+00
1.084299249690501954e+00
1.063833193777520947e+00
1.043742947588039760e+00
1.024025672416119193e+00
1.004677873889762596e+00
9.856961084806363793e-01
9.670763857383343209e-01
9.488148795371358357e-01
9.309081955429664434e-01
9.133505241898721705e-01
8.961370043508144478e-01
8.792635504592204443e-01
8.627228073323834900e-01
8.465081771978775205e-01
8.306146483767209432e-01
8.150359289159133658e-01
7.997616167279747446e-01
7.847811682226150110e-01
7.700933467171799940e-01
7.556926109029902250e-01
7.415681888188804249e-01
7.277123768878663856e-01
7.141147971375538805e-01
7.007697145894475899e-01
6.876694542570594981e-01
6.748037321699541513e-01
6.621669470339132113e-01
6.497459474685447489e-01
6.375330192181700717e-01
6.255285372344281392e-01
6.137239389906585796e-01
6.021064421871562544e-01
5.906710778204462553e-01
5.794147481393137067e-01
5.683240178435972068e-01
5.573911263657008730e-01
5.466177413112424111e-01
5.359989995166121179e-01
5.255269751256941291e-01
5.151991688899290045e-01
5.050076443120489200e-01
4.949465453070318044e-01
4.850172038498165028e-01
4.752215715888095660e-01
4.655554117121059599e-01
4.560123998158845393e-01
4.465915452667261198e-01
4.372960959802962844e-01
4.281268280363549339e-01
4.190792877264510330e-01
4.101495371505684551e-01
4.013382901295696192e-01
3.926486618304046994e-01
3.840805575907905722e-01
3.756293893910974124e-01
3.672918927693010760e-01
3.590708736315209038e-01
3.509698614359340607e-01
3.429875937046629186e-01
3.351182973713777713e-01
3.273595405656551938e-01
3.197183231781650647e-01
3.121955473345265908e-01
3.047825028525580904e-01
2.974835458341627548e-01
2.903027861044976121e-01
2.832326498718056307e-01
2.762742454689683380e-01
2.694329369838840416e-01
2.627031579253786275e-01
2.560831874664660224e-01
2.495785984782504796e-01
2.431865606894052512e-01
2.369023496765595427e-01
2.307311681976363937e-01
2.246734123992144838e-01
2.187218120491698503e-01
2.128797102620309523e-01
2.071510505535322788e-01
2.015290733749665886e-01
1.960107341939713588e-01
1.905992610430792822e-01
1.852967348035568229e-01
1.801011910552627882e-01
1.750084164801758158e-01
1.700154266752832988e-01
1.651241000042170670e-01
1.603356922195717793e-01
1.556489223736096938e-01
1.510596654326959443e-01
1.465645465076414466e-01
1.421658485802246574e-01
1.378628086222823679e-01
1.336532078830128811e-01
1.295377622674723228e-01
1.255148675809462100e-01
1.215813973681016263e-01
1.177343820222104542e-01
1.139756595318844046e-01
1.103040149095530637e-01
1.067178218253375804e-01
1.032156686723770117e-01
9.979600720041667539e-02
9.646070922217800381e-02
9.320627352419647016e-02
9.002976165661383257e-02
8.692936382894995984e-02
8.390636232585103882e-02
8.095957782684543025e-02
7.808675891579308637e-02
7.528769634405771405e-02
7.256020693783726827e-02
6.990408524346065910e-02
6.731724410940778669e-02
6.479919620961838156e-02
6.234837569254415152e-02
5.996360234319507432e-02
5.764410149361590130e-02
5.538801631791941127e-02
5.319510907935694199e-02
5.106318080120342273e-02
4.899290547737189527e-02
4.698084061199443717e-02
4.502556759173671763e-02
4.312690224935732120e-02
4.128587436134358718e-02
3.950096876138366880e-02
3.776933248224233902e-02
3.609101815866019164e-02
3.446418207698730835e-02
3.288951310860949856e-02
3.136398542041999443e-02
2.988616118772435132e-02
2.845495691641139122e-02
2.707209231555619475e-02
2.573626985377603510e-02
2.444609660352101144e-02
2.319858014453473477e-02
2.199246121565998774e-02
2.082869483659033696e-02
1.970736256132114145e-02
1.862615853390708898e-02
1.758218101653198293e-02
1.657744747627287046e-02
1.561052776337131832e-02
1.467973031615892217e-02
1.378278237143653641e-02
1.292188206013461169e-02
1.209472121155137463e-02
1.129965047660203871e-02
1.053518529075034640e-02
9.803631659466316775e-03
9.102218847624375664e-03
8.429313701881132118e-03
7.783336008150623479e-03
7.165621064425104630e-03
6.574716355266492854e-03
6.009737954732440914e-03
5.470237909279993503e-03
4.956342679577879946e-03
4.465825394001938370e-03
3.997373228136123086e-03
3.550369045375772418e-03
3.125135984205706756e-03
2.720841386644724368e-03
2.336551507648836241e-03
1.971699248954103794e-03
1.625569807493059933e-03
1.297605914326537945e-03
9.870909839526458528e-04
6.935227788114167432e-04
4.161380380930270839e-04
1.547197728176667340e-04
-9.134324167120981422e-05
-3.232891544431624564e-04
-5.419084525006114331e-04
-7.469110538432864425e-04
-9.381040549885159537e-04
-1.116019166974666511e-03
-1.281589680344321757e-03
-1.435969914447396759e-03
-1.579530087431470046e-03
-1.712423332811453553e-03
-1.834282993232050222e-03
-1.945622004012213238e-03
-2.046773146608039939e-03
-2.139310939640435075e-03
-2.223424157094027343e-03
-2.299822808259484926e-03
-2.367957704677745804e-03
-2.427987385815674921e-03
-2.479471198952229710e-03
-2.524017277263738371e-03
-2.561994356991296497e-03
-2.594466113135220943e-03
-2.620551092836631655e-03
-2.640787231691742089e-03
-2.655150095127537576e-03
-2.664509302244845706e-03
-2.668611770491920686e-03
-2.668215948807108658e-03
-2.662980459068604432e-03
-2.653539907311341841e-03
-2.640438044783250185e-03
-2.624106692714093299e-03
-2.604276728792463864e-03
-2.580654617923140541e-03
-2.553596698169435016e-03
-2.523300775795638256e-03
-2.490780904336200707e-03
-2.455971164943064784e-03
-2.419339834229100247e-03
-2.380551090365670523e-03
-2.339729229766454588e-03
-2.296399303619419286e-03
-2.251344148164908035e-03
-2.204899198084561088e-03
-2.157609787754480139e-03
-2.109171650709987158e-03
-2.059408605801763773e-03
-2.008894722923098338e-03
-1.957871488193855918e-03
-1.906319417009227132e-03
-1.853805763877351817e-03
-1.800628857294937811e-03
-1.746686340781005743e-03
-1.692620907146460529e-03
-1.638621321329269444e-03
-1.584704204306424790e-03
-1.530867041914662921e-03
-1.476998150289523647e-03
-1.423135319859480767e-03
-1.369515934382763188e-03
-1.316174086180194307e-03
-1.263051987660523739e-03
-1.210450039033316360e-03
-1.158399562887100056e-03
-1.107187696752645958e-03
-1.056583156927617213e-03
-1.006426641888526208e-03
-9.569450405900227236e-04
-9.083697116371842019e-04
-8.610067002534588319e-04
-8.144657876159703842e-04
-7.689106693148657200e-04
-7.244245559222275109e-04
-6.812254934626234487e-04
-6.392479832920961976e-04
-5.983748794186068793e-04
-5.587108339087239976e-04
-5.202595697679734911e-04
-4.831794921359430306e-04
-4.473453579681538513e-04
-4.128899078896625346e-04
-3.798429125601345815e-04
-3.482483420091658376e-04
-3.181963540376386975e-04
-2.896234083590313517e-04
-2.625322389939447514e-04
-2.368683125513358287e-04
-2.126186218590809152e-04
-1.898308522558193466e-04
-1.685386201730326434e-04
-1.487077745903312592e-04
-1.302757977045628684e-04
-1.132078822433012845e-04
-9.759700069006154095e-05
-8.337986891919179602e-05
-7.050989192083348053e-05
-5.891260081178352449e-05
-4.849315655919781418e-05
-3.936408226474059712e-05
-3.134098280269135629e-05
-2.448993903868631298e-05
-1.865258505868392378e-05
-1.374408924384103203e-05
-9.824532471997916904e-06
-6.597427136406665498e-06
-4.248604455113807381e-06
-2.456846331419398582e-06
-1.239711248225566888e-06
-5.981408414940550097e-07
-1.489002536876797202e-07
-3.263435484739960659e-08
-1.086498682946023681e-08
-8.054883932232762858e-11
0.000000000000000000e+00
0.000000000000000000e+00
0.000000000000000000e+00
0.000000000000000000e+00
0.000000000000000000e+00
0.000000000000000000e+00
0.000000000000000000e+00
0.000000000000000000e+00
0.000000000000000000e+00
0.000000000000000000e+00
0.000000000000000000e+00
0.000000000000000000e+00
0.000000000000000000e+00
0.000000000000000000e+00
0.000000000000000000e+00
0.000000000000000000e+00
0.000000000000000000e+00
0.000000000000000000e+00
0.000000000000000000e+00
0.000000000000000000e+00
0.000000000000000000e+00
0.000000000000000000e+00
0.000000000000000000e+00
0.000000000000000000e+00
0.000000000000000000e+00
0.000000000000000000e+00
0.000000000000000000e+00
0.000000000000000000e+00
0.000000000000000000e+00
0.000000000000000000e+00
0.000000000000000000e+00
0.000000000000000000e+00
0.000000000000000000e+00
0.000000000000000000e+00
0.000000000000000000e+00
0.000000000000000000e+00
0.000000000000000000e+00
0.000000000000000000e+00
0.000000000000000000e+00
0.000000000000000000e+00
0.000000000000000000e+00
0.000000000000000000e+00
0.000000000000000000e+00
0.000000000000000000e+00
0.000000000000000000e+00
0.000000000000000000e+00
0.000000000000000000e+00
0.000000000000000000e+00
0.000000000000000000e+00
0.000000000000000000e+00
0.000000000000000000e+00
0.000000000000000000e+00
0.000000000000000000e+00
0.000000000000000000e+00
0.000000000000000000e+00
0.000000000000000000e+00
0.000000000000000000e+00
0.000000000000000000e+00
0.000000000000000000e+00
0.000000000000000000e+00
0.000000000000000000e+00
0.000000000000000000e+00
0.000000000000000000e+00
0.000000000000000000e+00
0.000000000000000000e+00
0.000000000000000000e+00
0.000000000000000000e+00
0.000000000000000000e+00
0.000000000000000000e+00
0.000000000000000000e+00
0.000000000000000000e+00
0.000000000000000000e+00
0.000000000000000000e+00
0.000000000000000000e+00
0.000000000000000000e+00
0.000000000000000000e+00
0.000000000000000000e+00
0.000000000000000000e+00
0.000000000000000000e+00
0.000000000000000000e+00
0.000000000000000000e+00
0.000000000000000000e+00
0.000000000000000000e+00
0.000000000000000000e+00
0.000000000000000000e+00
0.000000000000000000e+00
0.000000000000000000e+00
0.000000000000000000e+00
0.000000000000000000e+00
0.000000000000000000e+00
0.000000000000000000e+00
0.000000000000000000e+00
0.000000000000000000e+00
0.000000000000000000e+00
0.000000000000000000e+00
0.000000000000000000e+00
0.000000000000000000e+00
0.000000000000000000e+00
0.000000000000000000e+00
0.000000000000000000e+00
0.000000000000000000e+00
0.000000000000000000e+00
0.000000000000000000e+00
0.000000000000000000e+00
0.000000000000000000e+00
0.000000000000000000e+00
0.000000000000000000e+00
0.000000000000000000e+00
0.000000000000000000e+00
0.000000000000000000e+00
0.000000000000000000e+00
0.000000000000000000e+00
0.000000000000000000e+00
0.000000000000000000e+00
0.000000000000000000e+00
0.000000000000000000e+00
0.000000000000000000e+00
0.000000000000000000e+00
0.000000000000000000e+00
0.000000000000000000e+00
0.000000000000000000e+00
0.000000000000000000e+00
0.000000000000000000e+00
0.000000000000000000e+00
0.000000000000000000e+00
0.000000000000000000e+00
0.000000000000000000e+00
0.000000000000000000e+00
0.000000000000000000e+00
0.000000000000000000e+00
0.000000000000000000e+00
0.000000000000000000e+00
0.000000000000000000e+00
0.000000000000000000e+00
0.000000000000000000e+00
0.000000000000000000e+00
0.000000000000000000e+00
0.000000000000000000e+00
0.000000000000000000e+00
0.000000000000000000e+00
0.000000000000000000e+00
0.000000000000000000e+00
0.000000000000000000e+00
0.000000000000000000e+00
0.000000000000000000e+00
0.000000000000000000e+00
0.000000000000000000e+00
0.000000000000000000e+00
0.000000000000000000e+00
0.000000000000000000e+00
0.000000000000000000e+00
0.000000000000000000e+00
0.000000000000000000e+00
0.000000000000000000e+00
0.000000000000000000e+00
0.000000000000000000e+00
0.000000000000000000e+00
0.000000000000000000e+00
0.000000000000000000e+00
0.000000000000000000e+00
0.000000000000000000e+00
0.000000000000000000e+00
0.000000000000000000e+00
0.000000000000000000e+00
0.000000000000000000e+00
0.000000000000000000e+00
0.000000000000000000e+00
0.000000000000000000e+00
0.000000000000000000e+00
0.000000000000000000e+00
0.000000000000000000e+00
0.000000000000000000e+00
0.000000000000000000e+00
0.000000000000000000e+00
0.000000000000000000e+00
0.000000000000000000e+00
0.000000000000000000e+00
0.000000000000000000e+00
0.000000000000000000e+00
0.000000000000000000e+00
0.000000000000000000e+00
0.000000000000000000e+00
0.000000000000000000e+00
0.000000000000000000e+00
0.000000000000000000e+00
0.000000000000000000e+00
0.000000000000000000e+00
0.000000000000000000e+00
0.000000000000000000e+00
0.000000000000000000e+00
0.000000000000000000e+00
0.000000000000000000e+00
0.000000000000000000e+00
0.000000000000000000e+00
0.000000000000000000e+00
0.000000000000000000e+00
0.000000000000000000e+00
0.000000000000000000e+00
0.000000000000000000e+00
0.000000000000000000e+00
0.000000000000000000e+00
0.000000000000000000e+00
0.000000000000000000e+00
0.000000000000000000e+00
0.000000000000000000e+00
0.000000000000000000e+00
0.000000000000000000e+00
0.000000000000000000e+00
0.000000000000000000e+00
0.000000000000000000e+00
0.000000000000000000e+00
0.000000000000000000e+00
0.000000000000000000e+00
0.000000000000000000e+00
0.000000000000000000e+00
0.000000000000000000e+00
0.000000000000000000e+00
0.000000000000000000e+00
0.000000000000000000e+00
0.000000000000000000e+00
0.000000000000000000e+00
0.000000000000000000e+00
0.000000000000000000e+00
0.000000000000000000e+00
0.000000000000000000e+00
0.000000000000000000e+00
0.000000000000000000e+00
0.000000000000000000e+00
0.000000000000000000e+00
0.000000000000000000e+00
0.000000000000000000e+00
0.000000000000000000e+00
0.000000000000000000e+00
0.000000000000000000e+00
0.000000000000000000e+00
0.000000000000000000e+00
