# bin_2
0.000000000000000000e+00
2.092779878145370986e+01
4.169626856881912147e+01
6.230162310440679363e+01
8.273929211322123933e+01
1.030042461568871062e+02
1.230926291905663987e+02
1.429997482068171450e+02
1.627193475257501234e+02
1.822489881993722349e+02
2.015816493460069694e+02
2.207121398837964250e+02
2.396359078680125947e+02
2.583481743725991464e+02
2.768411128632849341e+02
2.951126579600986588e+02
3.131572506970895802e+02
3.309681134677446153e+02
3.485439872692140852e+02
3.658800388536582204e+02
3.829702276242049948e+02
3.998138699827263736e+02
4.164051860739902509e+02
4.327391882659227349e+02
4.488145529059602268e+02
4.646261044808885003e+02
4.801704636127058734e+02
4.954449720804256572e+02
5.104452261065492280e+02
5.251668577209344448e+02
5.396087994189206256e+02
5.537658481509107560e+02
5.676362049418876268e+02
5.812177757543297503e+02
5.945028604392306306e+02
6.074951475394460658e+02
6.201914018064960601e+02
6.325807354830626537e+02
6.446705002149202528e+02
6.564544174175091484e+02
6.679255821004817335e+02
6.790892015993216546e+02
6.899395769417349129e+02
7.004682405642763570e+02
7.106835025011012021e+02
7.205769169043038573e+02
7.301415217242218887e+02
7.393842647026419854e+02
7.482991534649364667e+02
7.568825163633775901e+02
7.651378622133465797e+02
7.730559622438747738e+02
7.806445394201184627e+02
7.878977438966728641e+02
7.948111095501976706e+02
8.013906776355911461e+02
8.076328369243310590e+02
8.135309857133576088e+02
8.190908453774238751e+02
8.243097754247672810e+02
8.291812952600481594e+02
8.337125125305489064e+02
8.378967235493357748e+02
8.417338597504448217e+02
8.452270978761185916e+02
8.483686654905685600e+02
8.511680185583903722e+02
8.536201486027845249e+02
8.557160250877606131e+02
8.574705054930519736e+02
8.588751397643086420e+02
8.599295180508239582e+02
8.606401921646732944e+02
8.609991792154598897e+02
8.610105228733430067e+02
8.606791649878877024e+02
8.599930160084826412e+02
8.589696076007071497e+02
8.575993271528092237e+02
8.558789249270515711e+02
8.538192925897609484e+02
8.514139970892949805e+02
8.486683648340851960e+02
8.455828242847276215e+02
8.421519126087130189e+02
8.383888764166330247e+02
8.342884230798216549e+02
8.298437501324084451e+02
8.250728764521761605e+02
8.199694912062254843e+02
8.145281453086533929e+02
8.087645888557623266e+02
8.026667730244477070e+02
7.962525895941521412e+02
7.895166777934485935e+02
7.824533782090754812e+02
7.750837086966724883e+02
7.673983190010567341e+02
7.594103102432538890e+02
7.511239911630256074e+02
7.425375758867398872e+02
7.336692102509490496e+02
7.245199350383620640e+02
7.150864464986381108e+02
7.053931177818845981e+02
6.954340940281354051e+02
6.852283666007805323e+02
6.747826706598949613e+02
6.640952840583569241e+02
6.531944270330021709e+02
6.420782077724198871e+02
6.307606271316402626e+02
6.192565085304290733e+02
6.075652077271191729e+02
5.957154045916495306e+02
5.837095294057679666e+02
5.715517739949522138e+02
5.592726613835370699e+02
5.468759513893878648e+02
5.343817880202300330e+02
5.218084616038210015e+02
5.091604083736336293e+02
4.964729911728209117e+02
4.837481046157981268e+02
4.710122807475893296e+02
4.582841476363727224e+02
4.455798968659212846e+02
4.329532556927147198e+02
4.204403769658126748e+02
4.080780354133997889e+02
3.959407311568659793e+02
3.840628267007589329e+02
3.725077146210990691e+02
3.613191192046591027e+02
3.505293113126547837e+02
3.401863761695281596e+02
3.303026124525981118e+02
3.208849325646040143e+02
3.119402262006651085e+02
3.034357297212471849e+02
2.953717545158399389e+02
2.877018221144266477e+02
2.803988465344426118e+02
2.734299178188734913e+02
2.667422075974798759e+02
2.603248035612985518e+02
2.541309206769094828e+02
2.481453958649445610e+02
2.423554220522544824e+02
2.367389077075471278e+02
2.313159712959641467e+02
2.260667743645555845e+02
2.209925447487632937e+02
2.160952972898060978e+02
2.113543666923101227e+02
2.067908359735056649e+02
2.023862882052372925e+02
1.981331079433578850e+02
1.940405639031656335e+02
1.900877704980581484e+02
1.862879493025984630e+02
1.826206597026829570e+02
1.790889420158271719e+02
1.756861099927253917e+02
1.723882228691360012e+02
1.692130974675002335e+02
1.661273811611318649e+02
1.631434580447297833e+02
1.602443330867473321e+02
1.574073293621377445e+02
1.546515956823552642e+02
1.519420622723684744e+02
1.492979175360811723e+02
1.467014752115314025e+02
1.441350709764883220e+02
1.416236249878058402e+02
1.391363021256148897e+02
1.366969990468583660e+02
1.342871520681853212e+02
1.319121490247693202e+02
1.295746699448375523e+02
1.272615562600288399e+02
1.249878373152597675e+02
1.227460687614393464e+02
1.205315282853069334e+02
1.183567321519181945e+02
1.162011429466105312e+02
1.140903746122499882e+02
1.119990451191762872e+02
1.099447183071781922e+02
1.079174406114118625e+02
1.059105116399320110e+02
1.039365940651110662e+02
1.019736053294941058e+02
1.000434498519144313e+02
9.812508313304590502e+01
9.622670713411032750e+01
9.434665646730978494e+01
9.246951949163226914e+01
9.061393495646535712e+01
8.875899893948088959e+01
8.691941838753588456e+01
8.508727737434666949e+01
8.325028422033804532e+01
8.142717024915110358e+01
7.959829889247541246e+01
7.778088781129231677e+01
7.595889269466863425e+01
7.415275888049175990e+01
7.235387238989881098e+01
7.055640709806438338e+01
6.878193919044360882e+01
6.701454159886252171e+01
6.527383052730894519e+01
6.354617251290089541e+01
6.185156359652801683e+01
6.018596917303799643e+01
5.853693566315308772e+01
5.693394249607212032e+01
5.534951680521785988e+01
5.381138248698261606e+01
5.229965223457994483e+01
5.082072560488218471e+01
4.937531462249893366e+01
4.796265917563215453e+01
4.658969851846485000e+01
4.523792258697199031e+01
4.393163340418554696e+01
4.264693393470457039e+01
4.140621905281659565e+01
4.018858423488489251e+01
3.901149748509472204e+01
3.786958520565027442e+01
3.674656158768291192e+01
3.567084484854137827e+01
3.461200123850717603e+01
3.359812974806605013e+01
3.260263921787722552e+01
3.164758414354264460e+01
3.071383731179354015e+01
2.981408021511789386e+01
2.894658517816035470e+01
2.809507905338068312e+01
2.728168591675690280e+01
2.648617577412192503e+01
2.572140999484625468e+01
2.497984300342193009e+01
2.426043303870022072e+01
2.357034738669949903e+01
2.289381699798616410e+01
2.225196919029728093e+01
2.161720636428420406e+01
2.101931078650480345e+01
2.042711625085327043e+01
1.986720803921502920e+01
1.931811308364239466e+01
1.879085672097972193e+01
1.828275537349630042e+01
1.778602038748916669e+01
1.731629989667105818e+01
1.684968592036411295e+01
1.641337986622822598e+01
1.597926824240506072e+01
1.556962924893965372e+01
1.516842212624115938e+01
1.478220263205686535e+01
1.440216382808696949e+01
1.404697593040784298e+01
1.369498012376871010e+01
1.335847001800588885e+01
1.303478079796938438e+01
1.271397817121976992e+01
1.241418763690073312e+01
1.211217881335904600e+01
1.182798015527250257e+01
1.154672602931630010e+01
1.128402924295333065e+01
1.101823677393160494e+01
1.077141679966993060e+01
1.052736574345859921e+01
1.029118390288569884e+01
1.005743225851497691e+01
9.840602387409449037e+00
9.627407082875413025e+00
9.418349447400501617e+00
9.213289491777185702e+00
9.022078900476186547e+00
8.836565889977427091e+00
8.650071034648700419e+00
8.478868086577028507e+00
8.303504224280368717e+00
8.140856335706580182e+00
7.974858826477298379e+00
7.820898026099807332e+00
7.668378263760688540e+00
7.527798009643011490e+00
7.381818644415503172e+00
7.248432271887255141e+00
7.110942755195855725e+00
6.987539504094925746e+00
6.862355407435117627e+00
6.741947338442138893e+00
6.620706687213129271e+00
6.510544094773975665e+00
6.395174975004177753e+00
6.292840310746851351e+00
6.190063814000847486e+00
6.087164389341215731e+00
5.986822879011879373e+00
5.893008307179612437e+00
5.794811154680852283e+00
5.707981359472548810e+00
5.623241306153200725e+00
5.531933305385337007e+00
5.449453998274109701e+00
5.364724018802725425e+00
5.283370608593192408e+00
5.204899246653260647e+00
5.123870252007545645e+00
5.050860145481048669e+00
4.980908827094903124e+00
4.903010484347214870e+00
4.835133812187076607e+00
4.759795322664207795e+00
4.693465495406065280e+00
4.621514724183032996e+00
4.555778414119414421e+00
4.487311781320467929e+00
4.421696441803794286e+00
4.356474584447676435e+00
4.290828685771272966e+00
4.228427350315695499e+00
4.162796571910108767e+00
4.102721837917344239e+00
4.037256509467715304e+00
3.979031159744432333e+00
3.913925600391502169e+00
3.857147307494312560e+00
3.792600804214805610e+00
3.736977622514050079e+00
3.673177711219110630e+00
3.618537892477570406e+00
3.555637759388922792e+00
3.501909896717781745e+00
3.440015451414720093e+00
3.387215006725626587e+00
3.326393507152304529e+00
3.274595433976346115e+00
3.214895635285192288e+00
3.164206643967771626e+00
3.105676002848544393e+00
3.056209558562306139e+00
2.998911648876675162e+00
2.950691757973419538e+00
2.894752890085069641e+00
2.839579214931971407e+00
2.793420661587678655e+00
2.739699259231658690e+00
2.694945637572812469e+00
2.642939441573766590e+00
2.599417645751056938e+00
2.549370481905769648e+00
2.507330609722695058e+00
2.459500252145494947e+00
2.411265753879600293e+00
2.369307695597028474e+00
2.325614213722347667e+00
2.284624656568947199e+00
2.243431031009627485e+00
2.202973647707646698e+00
2.164261507566247023e+00
2.121505369297619126e+00
2.080844870404211289e+00
2.047250512781865428e+00
2.007194036839713647e+00
1.975251457665853083e+00
1.936484050721307471e+00
1.898472756047396848e+00
1.867963338115716354e+00
1.832475216855217859e+00
1.802797243255416237e+00
1.770154661875547042e+00
1.735693733910909087e+00
1.704519100778324470e+00
1.677388592184973604e+00
1.645090194352355706e+00
1.613808620364246993e+00
1.590702261558771591e+00
1.560724633857974331e+00
1.531277491887656828e+00
1.507593751365577717e+00
1.482287786174437905e+00
1.458297865343139987e+00
1.436045618088535036e+00
1.409766037199831956e+00
1.384392567894338955e+00
1.366909493321904812e+00
1.342799499502661975e+00
1.319028257348521249e+00
1.300265346067611461e+00
1.281127638883065911e+00
1.259126619423883264e+00
1.237638040199442901e+00
1.216837926563000272e+00
1.203473544604731993e+00
1.184189095138519665e+00
1.164796856495728505e+00
1.148851057276021548e+00
1.135230426458536668e+00
1.117279776521507673e+00
1.099923720696524221e+00
1.089498575982442485e+00
1.073880281749580945e+00
1.057894193029654373e+00
1.042193417564749591e+00
1.027551509241211303e+00
1.019474605062593797e+00
1.005111609717679322e+00
9.911941526538678993e-01
9.774905722185429635e-01
9.657448412817168926e-01
9.585711413985712470e-01
9.459883375199498179e-01
9.338698941548050358e-01
9.219473857475952716e-01
9.126372716975119648e-01
9.063176886152184419e-01
8.953644670147228313e-01
8.847970175617578814e-01
8.745444696724542499e-01
8.644888661798239005e-01
8.555659108229074494e-01
8.521757549301298695e-01
8.429856830448524407e-01
8.340826308138526990e-01
8.254131183634242364e-01
8.169531366605788936e-01
8.087885491301439744e-01
8.063490413481625430e-01
7.997352738646864578e-01
7.921837802860117739e-01
7.848359024508695381e-01
7.777139139928727074e-01
7.708120908156376183e-01
7.640276049531651292e-01
7.581802310269223355e-01
7.575460731621613819e-01
7.513558647408703495e-01
7.453155874138063242e-01
7.394123665413550039e-01
7.336804964109343574e-01
7.281009073787572117e-01
7.226689586993240155e-01
7.173859380601484981e-01
7.122190077435475164e-01
7.071874812531637744e-01
7.060543094613994652e-01
7.037156305262346478e-01
6.990016795790049420e-01
6.944241760648652839e-01
6.899559906327942249e-01
6.855934776141581199e-01
6.813292620280536616e-01
6.771591743422992193e-01
6.730799666300257833e-01
6.690867615570701421e-01
6.651749869327938658e-01
6.613412134810182641e-01
6.575822086984702830e-01
6.538936472308702896e-01
6.502714023952708144e-01
6.467132167008037280e-01
6.432155841203820446e-01
6.397748223322526906e-01
6.363879568982120372e-01
6.330529410524380340e-01
6.297666932641137194e-01
6.265261641421331351e-01
6.233296995648559546e-01
6.201752244484309839e-01
6.170601930384980172e-01
6.139828848693955621e-01
6.109421020520702239e-01
6.079360809340197402e-01
6.049634335726412626e-01
6.020233770899250381e-01
5.991149739730834423e-01
5.962370738885947041e-01
5.933889289426834690e-01
5.905698822887477384e-01
5.877787565376104695e-01
5.850147145571474860e-01
5.822797573462823451e-01
5.795644013683105555e-01
5.768831077498987048e-01
5.711210855187270896e-01
5.663903257080251663e-01
5.637945301265727682e-01
5.612206435445118435e-01
5.586638123237003262e-01
5.561283409803704503e-01
5.536123829774444172e-01
5.511162840133034813e-01
5.486362919671332605e-01
5.461796119962112339e-01
5.423923018850571598e-01
5.363734048564527956e-01
5.339767508618156189e-01
5.316013675085241585e-01
5.292353955332391724e-01
5.268866879722813312e-01
5.245496260798540034e-01
5.222262978943529310e-01
5.164767679540840373e-01
5.128847018834152838e-01
5.106178288056217873e-01
5.083636834877320876e-01
5.061175029713627094e-01
5.038859672878703844e-01
4.988338623643470138e-01
4.948698197379093888e-01
4.926867747576881840e-01
4.905168270349500870e-01
4.880266348642385288e-01
4.821667421754055605e-01
4.796054146094518300e-01
4.774911613583694980e-01
4.753893247120412613e-01
4.719675935240430498e-01
4.668625711434897241e-01
4.648018969051909144e-01
4.627540525615181921e-01
4.607152245786445000e-01
4.563567635933145072e-01
4.524354695757059064e-01
4.504396001566596808e-01
4.484556918018871019e-01
4.464588929375812865e-01
4.417627762174246575e-01
4.382569434552960330e-01
4.366386649020546074e-01
4.324053014961066754e-01
4.284470402392281385e-01
4.269197657537304180e-01
4.234474985819698389e-01
4.190256219294282158e-01
4.172591036406295140e-01
4.146440113256187332e-01
4.100762194911588554e-01
4.077252418579606630e-01
4.058710164376020391e-01
4.015551626520881268e-01
3.984225570972044772e-01
3.969867229274465226e-01
3.933537412228597652e-01
3.895018938882631176e-01
3.882532324678792390e-01
3.851721495474427215e-01
3.812651597073534737e-01
3.774070104255020652e-01
3.736366593011400394e-01
3.723651565246072215e-01
3.696248951372391733e-01
3.658802674322160220e-01
3.621805066511100679e-01
3.585332188460474967e-01
3.571330956795409350e-01
3.547395724850969656e-01
3.511479617341247139e-01
3.476165984529673292e-01
3.441039934096594699e-01
3.406212829700359657e-01
3.373007192055511028e-01
3.362682515667259064e-01
3.336674863769470978e-01
3.302886474207747391e-01
3.269671476879928429e-01
3.236663465693258579e-01
3.204090754305091160e-01
3.171694197263388859e-01
3.139680879295028149e-01
3.113915412618986078e-01
3.105182812154691496e-01
3.076031387247813997e-01
3.044929474777869904e-01
3.014311121075317623e-01
2.983913474365146312e-01
2.953860342705751374e-01
2.924109439123610543e-01
2.894657033137394420e-01
2.865501195864650907e-01
2.836638645287783977e-01
2.808067390524736640e-01
2.779784395848846068e-01
2.751787634642762215e-01
2.724074488248037773e-01
2.696642455520867343e-01
2.669505667308046393e-01
2.642658012634964138e-01
2.616041836889865246e-01
2.589765433372905878e-01
2.552760856243578291e-01
2.512030641617675752e-01
2.486607597985074636e-01
2.461660184467615309e-01
2.436867018294350540e-01
2.412303287631583359e-01
2.388059049514262844e-01
2.363978292299829531e-01
2.340321040161882915e-01
2.310667196274042989e-01
2.270881093159927977e-01
2.246689711066535422e-01
2.224138768365205299e-01
2.201896189348470367e-01
2.179661484973262897e-01
2.146827591941661839e-01
2.113081254963130873e-01
2.092871748751860550e-01
2.069662868423499669e-01
2.035829484085645569e-01
2.007484498336419287e-01
1.989221084021134123e-01
1.964721278981179098e-01
1.932131719761166766e-01
1.907560757213599689e-01
1.890382118228613739e-01
1.865039055034476978e-01
1.834242854505087894e-01
1.813445032019538050e-01
1.797040019288999313e-01
1.770287297297896967e-01
1.742507144923210738e-01
1.715586250083497299e-01
1.688803103142411111e-01
1.662336203185115213e-01
1.636622018206537188e-01
1.619125124383411773e-01
1.603994476595224927e-01
1.579377240101244029e-01
1.554742176156954925e-01
1.530743341518871481e-01
1.506983719327081861e-01
1.483677605925306231e-01
1.460749931491977238e-01
1.438195727143884162e-01
1.416011471083325202e-01
1.394192462499218299e-01
1.372735175375448813e-01
1.351703134035509568e-01
1.330880806489293244e-01
1.310631814555620889e-01
1.290421371514989535e-01
1.263112822501212540e-01
1.236666467751127985e-01
1.217705924207724555e-01
1.199275842425223254e-01
1.181261235979624846e-01
1.163228327631500025e-01
1.139510968692257070e-01
1.114967357328958131e-01
1.097945890526313556e-01
1.081552503238034091e-01
1.065869140935968296e-01
1.049878789570093673e-01
1.030191867281715218e-01
1.007876294332272771e-01
9.868194296785237629e-02
9.664150953141947831e-02
9.493506930889035467e-02
9.372284932461603935e-02
9.197477567088439832e-02
9.006566218858144679e-02
8.822886364640379619e-02
8.642056674647614900e-02
8.465303663315380811e-02
8.292669412747859237e-02
8.123932526205683569e-02
7.959404867120276061e-02
7.796827458982291681e-02
7.640622014684946006e-02
7.483903569355387919e-02
7.286422663784106191e-02
7.092310927029370216e-02
6.946870785608841303e-02
6.807745640979247226e-02
6.673768774542725157e-02
6.540507653615509898e-02
6.387606654013219809e-02
6.215522173306280151e-02
6.049653797423355794e-02
5.889827581896256437e-02
5.742412101643584038e-02
5.634874868409429916e-02
5.515567666561008164e-02
5.371810411186647011e-02
5.228763295527534549e-02
5.093007905227506238e-02
4.958414791190009913e-02
4.806121050799373740e-02
4.640703197532720231e-02
4.508936215701334765e-02
4.389793400261517153e-02
4.274621878288913102e-02
4.163584757981275003e-02
4.046567290737645983e-02
3.914179650423312007e-02
3.780668981117164817e-02
3.655212104764812148e-02
3.532481571813388121e-02
3.414018055032328608e-02
3.299028094268019462e-02
3.187277745266491741e-02
3.080575120983319870e-02
2.971574040078406656e-02
2.848769361866702876e-02
2.730824226665400090e-02
2.635432534555237627e-02
2.545957520085293663e-02
2.444867384673328481e-02
2.340800348764228433e-02
2.242257537656603197e-02
2.148700742592861770e-02
2.053467242324836378e-02
1.952596706158916604e-02
1.852093369366339740e-02
1.757591411956712507e-02
1.667782714439868669e-02
1.581548527393276948e-02
1.498423515004769328e-02
1.420908936580285095e-02
1.347055684520206617e-02
1.273007773319893322e-02
1.197543973541116517e-02
1.122105317583859882e-02
1.046898750614107948e-02
9.722496176414720248e-03
8.998020053194943912e-03
8.343028596791226409e-03
7.722122859063387801e-03
7.086407787906354172e-03
6.472381045495835539e-03
5.929981603476960211e-03
5.414122979565681552e-03
4.902293420209922689e-03
4.388765061076000361e-03
3.883420838904244957e-03
3.424250197519938550e-03
3.034757006272393969e-03
2.656787530174885628e-03
2.285810512903647604e-03
1.932389956152340315e-03
1.608083784980292742e-03
1.317331521614217458e-03
1.058259096073289711e-03
8.308294213918829187e-04
6.289592977334633244e-04
4.503926557675452802e-04
2.984026009578498017e-04
1.739321977397038845e-04
8.221706016196944351e-05
3.625855515599248340e-05
1.070798114751300478e-05
7.247482059799623556e-08
0.000000000000000000e+00
0.000000000000000000e+00
0.000000000000000000e+00
0.000000000000000000e+00
0.000000000000000000e+00
0.000000000000000000e+00
0.000000000000000000e+00
0.000000000000000000e+00
0.000000000000000000e+00
0.000000000000000000e+00
0.000000000000000000e+00
0.000000000000000000e+00
0.000000000000000000e+00
0.000000000000000000e+00
0.000000000000000000e+00
0.000000000000000000e+00
0.000000000000000000e+00
0.000000000000000000e+00
0.000000000000000000e+00
0.000000000000000000e+00
0.000000000000000000e+00
0.000000000000000000e+00
0.000000000000000000e+00
0.000000000000000000e+00
0.000000000000000000e+00
0.000000000000000000e+00
0.000000000000000000e+00
0.000000000000000000e+00
0.000000000000000000e+00
0.000000000000000000e+00
0.000000000000000000e+00
0.000000000000000000e+00
0.000000000000000000e+00
0.000000000000000000e+00
0.000000000000000000e+00
0.000000000000000000e+00
0.000000000000000000e+00
0.000000000000000000e+00
0.000000000000000000e+00
0.000000000000000000e+00
0.000000000000000000e+00
0.000000000000000000e+00
0.000000000000000000e+00
0.000000000000000000e+00
0.000000000000000000e+00
0.000000000000000000e+00
0.000000000000000000e+00
0.000000000000000000e+00
0.000000000000000000e+00
0.000000000000000000e+00
0.000000000000000000e+00
0.000000000000000000e+00
0.000000000000000000e+00
0.000000000000000000e+00
0.000000000000000000e+00
0.000000000000000000e+00
0.000000000000000000e+00
0.000000000000000000e+00
0.000000000000000000e+00
0.000000000000000000e+00
0.000000000000000000e+00
0.000000000000000000e+00
0.000000000000000000e+00
0.000000000000000000e+00
0.000000000000000000e+00
0.000000000000000000e+00
0.000000000000000000e+00
0.000000000000000000e+00
0.000000000000000000e+00
0.000000000000000000e+00
0.000000000000000000e+00
0.000000000000000000e+00
0.000000000000000000e+00
0.000000000000000000e+00
0.000000000000000000e+00
0.000000000000000000e+00
0.000000000000000000e+00
0.000000000000000000e+00
0.000000000000000000e+00
0.000000000000000000e+00
0.000000000000000000e+00
0.000000000000000000e+00
0.000000000000000000e+00
0.000000000000000000e+00
0.000000000000000000e+00
0.000000000000000000e+00
0.000000000000000000e+00
0.000000000000000000e+00
0.000000000000000000e+00
0.000000000000000000e+00
0.000000000000000000e+00
0.000000000000000000e+00
0.000000000000000000e+00
0.000000000000000000e+00
0.000000000000000000e+00
0.000000000000000000e+00
0.000000000000000000e+00
0.000000000000000000e+00
0.000000000000000000e+00
0.000000000000000000e+00
0.000000000000000000e+00
0.000000000000000000e+00
0.000000000000000000e+00
0.000000000000000000e+00
0.000000000000000000e+00
0.000000000000000000e+00
0.000000000000000000e+00
0.000000000000000000e+00
0.000000000000000000e+00
0.000000000000000000e+00
0.000000000000000000e+00
0.000000000000000000e+00
0.000000000000000000e+00
0.000000000000000000e+00
0.000000000000000000e+00
0.000000000000000000e+00
0.000000000000000000e+00
0.000000000000000000e+00
0.000000000000000000e+00
0.000000000000000000e+00
0.000000000000000000e+00
0.000000000000000000e+00
0.000000000000000000e+00
0.000000000000000000e+00
0.000000000000000000e+00
0.000000000000000000e+00
0.000000000000000000e+00
0.000000000000000000e+00
0.000000000000000000e+00
0.000000000000000000e+00
0.000000000000000000e+00
0.000000000000000000e+00
0.000000000000000000e+00
0.000000000000000000e+00
0.000000000000000000e+00
0.000000000000000000e+00
0.000000000000000000e+00
0.000000000000000000e+00
0.000000000000000000e+00
0.000000000000000000e+00
0.000000000000000000e+00
0.000000000000000000e+00
0.000000000000000000e+00
0.000000000000000000e+00
0.000000000000000000e+00
0.000000000000000000e+00
0.000000000000000000e+00
0.000000000000000000e+00
0.000000000000000000e+00
0.000000000000000000e+00
0.000000000000000000e+00
0.000000000000000000e+00
0.000000000000000000e+00
0.000000000000000000e+00
0.000000000000000000e+00
0.000000000000000000e+00
0.000000000000000000e+00
0.000000000000000000e+00
0.000000000000000000e+00
0.000000000000000000e+00
0.000000000000000000e+00
0.000000000000000000e+00
0.000000000000000000e+00
0.000000000000000000e+00
0.000000000000000000e+00
0.000000000000000000e+00
0.000000000000000000e+00
0.000000000000000000e+00
0.000000000000000000e+00
0.000000000000000000e+00
0.000000000000000000e+00
0.000000000000000000e+00
0.000000000000000000e+00
0.000000000000000000e+00
0.000000000000000000e+00
0.000000000000000000e+00
0.000000000000000000e+00
0.000000000000000000e+00
0.000000000000000000e+00
0.000000000000000000e+00
0.000000000000000000e+00
0.000000000000000000e+00
0.000000000000000000e+00
0.000000000000000000e+00
0.000000000000000000e+00
0.000000000000000000e+00
0.000000000000000000e+00
0.000000000000000000e+00
0.000000000000000000e+00
0.000000000000000000e+00
0.000000000000000000e+00
0.000000000000000000e+00
0.000000000000000000e+00
0.000000000000000000e+00
0.000000000000000000e+00
0.000000000000000000e+00
0.000000000000000000e+00
0.000000000000000000e+00
0.000000000000000000e+00
0.000000000000000000e+00
0.000000000000000000e+00
0.000000000000000000e+00
0.000000000000000000e+00
0.000000000000000000e+00
0.000000000000000000e+00
0.000000000000000000e+00
0.000000000000000000e+00
0.000000000000000000e+00
0.000000000000000000e+00
0.000000000000000000e+00
0.000000000000000000e+00
0.000000000000000000e+00
0.000000000000000000e+00
0.000000000000000000e+00
0.000000000000000000e+00
0.000000000000000000e+00
0.000000000000000000e+00
0.000000000000000000e+00
0.000000000000000000e+00
0.000000000000000000e+00
0.000000000000000000e+00
0.000000000000000000e+00
0.000000000000000000e+00
0.000000000000000000e+00
0.000000000000000000e+00
0.000000000000000000e+00
0.000000000000000000e+00
0.000000000000000000e+00
0.000000000000000000e+00
0.000000000000000000e+00
0.000000000000000000e+00
0.000000000000000000e+00
0.000000000000000000e+00
0.000000000000000000e+00
0.000000000000000000e+00
0.000000000000000000e+00
