# bin_1
0.000000000000000000e+00
2.085803859389245218e+01
4.141800852488946560e+01
6.167676673294833734e+01
8.163016745816634057e+01
1.012743661970950484e+02
1.206046186532042412e+02
1.396168543024679707e+02
1.583054503715114265e+02
1.766653089342884755e+02
1.946908245839256324e+02
2.123748252136091139e+02
2.297106520459630588e+02
2.466916618925588409e+02
2.633105189508900139e+02
2.795610849244290534e+02
2.954376988325337834e+02
3.109353755148208052e+02
3.260494583828697159e+02
3.407766433491553926e+02
3.551122806046107030e+02
3.690538123980747400e+02
3.825973583547733483e+02
3.957385697926664534e+02
4.084737656368576495e+02
4.207984306595286625e+02
4.327082812448849154e+02
4.442001278766406358e+02
4.552686387113466822e+02
4.659108727868614892e+02
4.761232045982650902e+02
4.859010209324638936e+02
4.952417971114432476e+02
5.041422771326139127e+02
5.125988851187815953e+02
5.206095746048989668e+02
5.281708728217123507e+02
5.352798305388874951e+02
5.419349830538500328e+02
5.481329853696472583e+02
5.538701698664032165e+02
5.591446135174643359e+02
5.639524396846293257e+02
5.682885313028532437e+02
5.721515104381214769e+02
5.755370461029411899e+02
5.784408368336731883e+02
5.808631586502831397e+02
5.828003218515535764e+02
5.842526022189103969e+02
5.852188238422470477e+02
5.856977977623831748e+02
5.856919125124231869e+02
5.851984291702108294e+02
5.842189503024700343e+02
5.827544645553989540e+02
5.808049737891705036e+02
5.783707556663149489e+02
5.754533250447406090e+02
5.720542495459764041e+02
5.681741499664823323e+02
5.638155638707547723e+02
5.589804574886512682e+02
5.536700072358902389e+02
5.478882341471205564e+02
5.416358316820251275e+02
5.349205839114281389e+02
5.277478728309120015e+02
5.201257743567872467e+02
5.120683426219623016e+02
5.035868704065997576e+02
4.946956515274685557e+02
4.854120889803919567e+02
4.757523760299639548e+02
4.657376063127139787e+02
4.553961749304031628e+02
4.447594671453632031e+02
4.338699402824247500e+02
4.227685695560701902e+02
4.114978262593669456e+02
4.001035688226756974e+02
3.886247568616553849e+02
3.770982468800867196e+02
3.655543432114174607e+02
3.540173490849562654e+02
3.425147144522063059e+02
3.310684050176894289e+02
3.196998784477567597e+02
3.084324875694221646e+02
2.972841258366660213e+02
2.862711931623993564e+02
2.754116788701773544e+02
2.647165161579710571e+02
2.542004475222425981e+02
2.438722590822831933e+02
2.337410271698985014e+02
2.238195127237694635e+02
2.141145805358684413e+02
2.046369377730334804e+02
1.953945005096306886e+02
1.863940128471513447e+02
1.776450212224953020e+02
1.691532525208288860e+02
1.609234441429501885e+02
1.529642680005381123e+02
1.452792860888107782e+02
1.378758781244655154e+02
1.307585473350887924e+02
1.239300721418118059e+02
1.173971301791965232e+02
1.111606366863052386e+02
1.052228991044227797e+02
9.958509375337600034e+01
9.424443068751133978e+01
8.920135104462214315e+01
8.444949401445852288e+01
7.998076482836253831e+01
7.578957073648395237e+01
7.186442521422979723e+01
6.819563608063243976e+01
6.477257454320549357e+01
6.158181689754517407e+01
5.861553944010908879e+01
5.586071507239624623e+01
5.330923151281389494e+01
5.095293691291470140e+01
4.878180844407694394e+01
4.679101888969510270e+01
4.497080368570365039e+01
4.331096554112639296e+01
4.180707990103371685e+01
4.044765058799876556e+01
3.922659963656090554e+01
3.813459487858719399e+01
3.716172579710805479e+01
3.630211243989656111e+01
3.554549795507881527e+01
3.488298583804949970e+01
3.430694266635821776e+01
3.380463907480758934e+01
3.337032543971604071e+01
3.299122755286544617e+01
3.265926371282557028e+01
3.236585975504778645e+01
3.209998119843993436e+01
3.185832528787235418e+01
3.163181143568396436e+01
3.141709266330403949e+01
3.121124864576294300e+01
3.100983873022675752e+01
3.081598987672598255e+01
3.062544324439079801e+01
3.043864851592326204e+01
3.025550270535065422e+01
3.007309007928911626e+01
2.989438828833795725e+01
2.971703340200453880e+01
2.953993986495584068e+01
2.936535831896850368e+01
2.919014617737978767e+01
2.901732158659323701e+01
2.884380445058332398e+01
2.867148882825033951e+01
2.849961368052362332e+01
2.832571711553867999e+01
2.815302200365052698e+01
2.797760410554717581e+01
2.780260006680147455e+01
2.762606525054066964e+01
2.744562112763473039e+01
2.726500950149035418e+01
2.707987662684744024e+01
2.689402619492148361e+01
2.670545377496197048e+01
2.651187954137095559e+01
2.631763048842583430e+01
2.611847322037488084e+01
2.591843984345290153e+01
2.571447339499295381e+01
2.550846728314883549e+01
2.530030257220843382e+01
2.508792388019700681e+01
2.487443930484815979e+01
2.465797678606531562e+01
2.443855515723751992e+01
2.421791483783082910e+01
2.399276998938315586e+01
2.376742350755944955e+01
2.353791495021745206e+01
2.330772242699906371e+01
2.307496185086598217e+01
2.283921724641070128e+01
2.260277432474019577e+01
2.236202151480113187e+01
2.212134908218603968e+01
2.187739272367396026e+01
2.163205010685414464e+01
2.138539431016583237e+01
2.113486556554923723e+01
2.088453149735665448e+01
2.063070121652125621e+01
2.037638040675883744e+01
2.012052649634590651e+01
1.986127118739845443e+01
1.960225426054314468e+01
1.933994637596892474e+01
1.907769523731062122e+01
1.881238643745484040e+01
1.854786883872333547e+01
1.828243009262832075e+01
1.801499755834653627e+01
1.774897072558923483e+01
1.748139783185413521e+01
1.721567294056416131e+01
1.694910361010910194e+01
1.668528228009774139e+01
1.642277036495089604e+01
1.616012681553841901e+01
1.590111502373245500e+01
1.564232261399027024e+01
1.538761229194122926e+01
1.513417091133176839e+01
1.488344255590821952e+01
1.463505034063451760e+01
1.438956438261526394e+01
1.414770791780399328e+01
1.390687448197312648e+01
1.367097110066477939e+01
1.343625232984907925e+01
1.320654935723182000e+01
1.297837714950189891e+01
1.275501149700376224e+01
1.253529363966167232e+01
1.231686743827095931e+01
1.210439454431687700e+01
1.189306100670028954e+01
1.168761452725473582e+01
1.148370733330540183e+01
1.128521638852702580e+01
1.108897465542538541e+01
1.089731613993265924e+01
1.070999562774760960e+01
1.052442398507344912e+01
1.034446426676499797e+01
1.016685125820038316e+01
9.993795603811614470e+00
9.824243979460293374e+00
9.658017672384524133e+00
9.496558614053354219e+00
9.337172398840378307e+00
9.183709408143233333e+00
9.031385859400385741e+00
8.885547987153735505e+00
8.740775225747205113e+00
8.601821404579254704e+00
8.464953312500435700e+00
8.332171700666455294e+00
8.203029403917827977e+00
8.076151837016665169e+00
7.954393489488883695e+00
7.833462129096734117e+00
7.718281301376469727e+00
7.603781131058675591e+00
7.493873502703896072e+00
7.385772374249287786e+00
7.280576895002815796e+00
7.176743532337608755e+00
7.077620309103815011e+00
6.979267331656698659e+00
6.883881890633422707e+00
6.790981401300889786e+00
6.698831493593248254e+00
6.610640152187212237e+00
6.522323242895404327e+00
6.437402480273384242e+00
6.353253088037341456e+00
6.272771153153184009e+00
6.192036078232790786e+00
6.115041128273732696e+00
6.038857992736517133e+00
5.964505157710024541e+00
5.890987077551623763e+00
5.820898198261039269e+00
5.751835990548826771e+00
5.684016973653196025e+00
5.617376614158162695e+00
5.553616985309704823e+00
5.491341935246767392e+00
5.429340978214378666e+00
5.370661132245568403e+00
5.311658793338713380e+00
5.255385264121322564e+00
5.199020397438307128e+00
5.145290082878527294e+00
5.092178548325818177e+00
5.041788251281287714e+00
4.990809275062604300e+00
4.942508167709982025e+00
4.893856711748183486e+00
4.848227532332102463e+00
4.802570542443927337e+00
4.758191102758802415e+00
4.714019214513182732e+00
4.672154914798711367e+00
4.629661006744040463e+00
4.589863625025753180e+00
4.550198882597280559e+00
4.510844305110266461e+00
4.472180295481425816e+00
4.434904541243507303e+00
4.397053327766606401e+00
4.361437637013062307e+00
4.326313360966306476e+00
4.290243736910858807e+00
4.255830634362261833e+00
4.221142941300599638e+00
4.187137589575993246e+00
4.153712608610216073e+00
4.119864143033434623e+00
4.087519644358963866e+00
4.055665903061314914e+00
4.022496746840425352e+00
3.991029498635108919e+00
3.958283895524587592e+00
3.927069351812860987e+00
3.894863575496220420e+00
3.863704621270115602e+00
3.832037856549665999e+00
3.800829670335734267e+00
3.769652126861467334e+00
3.738355828903448863e+00
3.707591089936847162e+00
3.676211316564671705e+00
3.645775227498900151e+00
3.614342211701314422e+00
3.584157225393250101e+00
3.552713708768269196e+00
3.522717954400955698e+00
3.491310862792035064e+00
3.461463520668616400e+00
3.430139072788761734e+00
3.400421129279514343e+00
3.369221976599230395e+00
3.339634562175763044e+00
3.308596817772464949e+00
3.279159032700677212e+00
3.248313945130807401e+00
3.219057258441843317e+00
3.188433821777269195e+00
3.159396878597170222e+00
3.129025160282672413e+00
3.100247778198930604e+00
3.070161433187498456e+00
3.041667230884690376e+00
3.011911175420173059e+00
2.982295690851966885e+00
2.954353945908871015e+00
2.925115899362385363e+00
2.897534656580202928e+00
2.868740384371311958e+00
2.841505290921973792e+00
2.813213359008526648e+00
2.786380843238388749e+00
2.758654304384851930e+00
2.730916018298915393e+00
2.704374790537668272e+00
2.677623573399768642e+00
2.651436823267258713e+00
2.625311961458130394e+00
2.599406074696746671e+00
2.573923448904075428e+00
2.547830273193821160e+00
2.522199558196713820e+00
2.497930061739536356e+00
2.472635001605729688e+00
2.448860784888148512e+00
2.424034059752508519e+00
2.399427728459720299e+00
2.376278894956445509e+00
2.352373224374855631e+00
2.329584577958141445e+00
2.306457543558285472e+00
2.283098240983932214e+00
2.260457358052458066e+00
2.238673427750925260e+00
2.216092091562489319e+00
2.193827747565099351e+00
2.173144860813959411e+00
2.151404531679915522e+00
2.129857958635459347e+00
2.109515891966782242e+00
2.089008849438171556e+00
2.068862213725099597e+00
2.049206187898956255e+00
2.028957743894419075e+00
2.009031610957865865e+00
1.990608271498985449e+00
1.971227372733855177e+00
1.952008590104197028e+00
1.933842902287167709e+00
1.915794278555458918e+00
1.897376588455560453e+00
1.879188346081955840e+00
1.861289472620606178e+00
1.844864117990497654e+00
1.827591975872314922e+00
1.810395484827759027e+00
1.794023019784269257e+00
1.778236076607394134e+00
1.761804217229056446e+00
1.745658966184900462e+00
1.730880855225259030e+00
1.715417162686813324e+00
1.700030960942097824e+00
1.684821210411581838e+00
1.670020099374084355e+00
1.656502391725111822e+00
1.642075036648501296e+00
1.627893840634290212e+00
1.613860505092125974e+00
1.600408225219916991e+00
1.587901111194991222e+00
1.574589489279397903e+00
1.561542103525352054e+00
1.548633539821514971e+00
1.536411960255358755e+00
1.524859954878920565e+00
1.512620531558117154e+00
1.500618567755569899e+00
1.488823619474381577e+00
1.477170043637626051e+00
1.465926973308286696e+00
1.455768725295541577e+00
1.444744614859056142e+00
1.433911673620892113e+00
1.423251477177808422e+00
1.412745003814889211e+00
1.402441228898097858e+00
1.393265628264075850e+00
1.383533086416946389e+00
1.373723071161783826e+00
1.364071194262749920e+00
1.354584305655759824e+00
1.345261317772226795e+00
1.336038763512216621e+00
1.327150124645798179e+00
1.319252713740779903e+00
1.310512660468128310e+00
1.301901574283157226e+00
1.293408995843295051e+00
1.285051894452922339e+00
1.276819873658505688e+00
1.268709972619948223e+00
1.260723252422161655e+00
1.252838789676780307e+00
1.245064906801618854e+00
1.238074490039119402e+00
1.230984034046585629e+00
1.223521590934675940e+00
1.216173606840176946e+00
1.208921469160492590e+00
1.201762527834755456e+00
1.194691399106221796e+00
1.187704889508371497e+00
1.180800485778722431e+00
1.173974222061881623e+00
1.167222426464679996e+00
1.160542073278452380e+00
1.153930459294277622e+00
1.147383812622661869e+00
1.140898263367530863e+00
1.134471790972658045e+00
1.128101010713942420e+00
1.121782315940922370e+00
1.115512624098793149e+00
1.109289769312626461e+00
1.103110502519344172e+00
1.096971202437240001e+00
1.090869914221499704e+00
1.084804167854287238e+00
1.078770536404634273e+00
1.072766520389873524e+00
1.066790420215643520e+00
1.060839421697861829e+00
1.054910793856534745e+00
1.049003044267319051e+00
1.043114272930774078e+00
1.037241447631218172e+00
1.031383752772156548e+00
1.025538911809682041e+00
1.019706011830693315e+00
1.013882596319116258e+00
1.008067430481686566e+00
1.002261713239902319e+00
9.964601607405124684e-01
9.901285056532383999e-01
9.839689327094699456e-01
9.781953782525441010e-01
9.724178629835369403e-01
9.666449533582277542e-01
9.608715236212037603e-01
9.550984950633747417e-01
9.493242035566995529e-01
9.435509191525146555e-01
9.377789402356275783e-01
9.317677709202699665e-01
9.253658240397862889e-01
9.195977548686047331e-01
9.138265221721876275e-01
9.080565944826693991e-01
9.022790895327579275e-01
8.965075342705283168e-01
8.907230780226357281e-01
8.843495799184156736e-01
8.783360665065066408e-01
8.725689038357206107e-01
8.667877246345485620e-01
8.610154460188887970e-01
8.552308016254754897e-01
8.489598859585657520e-01
8.428658885790920596e-01
8.370984208514505864e-01
8.313254451499155762e-01
8.254866221014794947e-01
8.190638725303309720e-01
8.132081643909595536e-01
8.074473136791828765e-01
8.016795893945896090e-01
7.956736172275729047e-01
7.893726470574681242e-01
7.836101130398899217e-01
7.778551204679570175e-01
7.720932078795686992e-01
7.659270495449580496e-01
7.598299241492182388e-01
7.540847588010255453e-01
7.483374539016759419e-01
7.425790711997244387e-01
7.363608284136264892e-01
7.303514951288049284e-01
7.246688738643332073e-01
7.185330414962409762e-01
7.124464294274439613e-01
7.067873262378866484e-01
7.007895299510116249e-01
6.946268619170383740e-01
6.889339547423264376e-01
6.830945534045463896e-01
6.769142317272740517e-01
6.711275000899556975e-01
6.654313027206896214e-01
6.593065878654216228e-01
6.533935068869380913e-01
6.477808495412428202e-01
6.417894717625635126e-01
6.357651846612379920e-01
6.301975946302311726e-01
6.243140429653587509e-01
6.183000655472117302e-01
6.122950312799112504e-01
6.063091182156766790e-01
6.007720981307487218e-01
5.949783854509752556e-01
5.890237618878036985e-01
5.830811778778239862e-01
5.771513312497983383e-01
5.716275538498341025e-01
5.659373389028264922e-01
5.600495775859318792e-01
5.541778644501891282e-01
5.483189955218381595e-01
5.424746130115299936e-01
5.366659954620142114e-01
5.312755741946101340e-01
5.256214656458142453e-01
5.198401155657518258e-01
5.140801668379684219e-01
5.083346455060570035e-01
5.026090220781159745e-01
4.968979995552497142e-01
4.912066301569619764e-01
4.856389455848504899e-01
4.803842786710538770e-01
4.747905375594716482e-01
4.691713995026254302e-01
4.635778631642136771e-01
4.580014089586985637e-01
4.524472362171846895e-01
4.469137442920138592e-01
4.414019071887782530e-01
4.359113493624039992e-01
4.304430292994461671e-01
4.249967945690446003e-01
4.195731725727923633e-01
4.141725683158602456e-01
4.087949348348016709e-01
4.034410809097635497e-01
3.981115102461506017e-01
3.928069395550833343e-01
3.875246739428577780e-01
3.822702997708732342e-01
3.768404228571936021e-01
3.713749638875588621e-01
3.661924808759962624e-01
3.610517831186561000e-01
3.559293319612554241e-01
3.508310710032240820e-01
3.457637936592821148e-01
3.407180146097505968e-01
3.357103745699715480e-01
3.306044319317940072e-01
3.253653446416648887e-01
3.204077607849554199e-01
3.155190690243840912e-01
3.106628050148267928e-01
3.058158262042176556e-01
3.008104410314390575e-01
2.958316497128117284e-01
2.911103025356241991e-01
2.863643844156870677e-01
2.814573616779852960e-01
2.766787946979146207e-01
2.721068556764585922e-01
2.674547920325981987e-01
2.626879142325378447e-01
2.580973584019165545e-01
2.536664016220558371e-01
2.491237830692016597e-01
2.445163346094128831e-01
2.401147160574212958e-01
2.358242563542410630e-01
2.314086749818266842e-01
2.269804308581163665e-01
2.226153802195429687e-01
2.182823798138351368e-01
2.139750924297808277e-01
2.097452527267923972e-01
2.056967410991661360e-01
2.017108368764582438e-01
1.976161203965147162e-01
1.935345387926852290e-01
1.895136319722024454e-01
1.855362318663178467e-01
1.816060314942494203e-01
1.777223376558578205e-01
1.738854501775573824e-01
1.700956765160913375e-01
1.663533691017219096e-01
1.626586802682888633e-01
1.590083847538180384e-01
1.554139520459129897e-01
1.518806408073563319e-01
1.483607158019549788e-01
1.447900303600040683e-01
1.412476259498177400e-01
1.378625684616687497e-01
1.345960168263094503e-01
1.313670219648437609e-01
1.281459890453121864e-01
1.248969721087552082e-01
1.216606024787599688e-01
1.185573228084633168e-01
1.155919141558902768e-01
1.126685408251638237e-01
1.097530099682514082e-01
1.068311258195961816e-01
1.039098626961683786e-01
1.010079851641027954e-01
9.820409641986002636e-02
9.557116174484386883e-02
9.296463939745037985e-02
9.035908180564440617e-02
8.775623906678628461e-02
8.517506997318005646e-02
8.268182364716142319e-02
8.023730614648123816e-02
7.783647822445458053e-02
7.548394869223105930e-02
7.317200376104039672e-02
7.093275507280313863e-02
6.874073970292339519e-02
6.656033738643694908e-02
6.438550290600705828e-02
6.223047538178629046e-02
6.016812788605141460e-02
5.822708614501669738e-02
5.632678356717629731e-02
5.443921746462853511e-02
5.256465285531708442e-02
5.070326065429574952e-02
4.885943538026221028e-02
4.707786797546633512e-02
4.540526588763434124e-02
4.379347634727584482e-02
4.220142304170380193e-02
4.061162812495902608e-02
3.904744312115884103e-02
3.754036104635075782e-02
3.606940987469284265e-02
3.460130783103093632e-02
3.315392635461774512e-02
3.176037729101875012e-02
3.045667438595265827e-02
2.920706688352692898e-02
2.797762096624558173e-02
2.676503963268776071e-02
2.556791722755745108e-02
2.439156954284663753e-02
2.325640633094117407e-02
2.216881243748075950e-02
2.111214363274097755e-02
2.009001796451816146e-02
1.911343560251966764e-02
1.816646102116541844e-02
1.723544649164015022e-02
1.631490064475314347e-02
1.543226575863812511e-02
1.461129302522520650e-02
1.383020049612924268e-02
1.305930604019299619e-02
1.230184864316362890e-02
1.157718762522733438e-02
1.088893699996717167e-02
1.022175403722147373e-02
9.569202222470953728e-03
8.937887439461151759e-03
8.337264784303025783e-03
7.771019580931302732e-03
7.231674524520760594e-03
6.717511638419480270e-03
6.234422272592621099e-03
5.775939733131822511e-03
5.338032077604833517e-03
4.918198702101286325e-03
4.513392760102980308e-03
4.124986740335157519e-03
3.756752138938677758e-03
3.412608890329245359e-03
3.093726939326010839e-03
2.794999508144165902e-03
2.510444755756316600e-03
2.243294285017086165e-03
2.000994629127255363e-03
1.778253635228355849e-03
1.569037690574349780e-03
1.369392580945121528e-03
1.184931924246929169e-03
1.021481542926700424e-03
8.759951598113474959e-04
7.438309364034753884e-04
6.213204536359895249e-04
5.108185545732686151e-04
4.129861574359133792e-04
3.276536887884608533e-04
2.553141475385755700e-04
1.931509997813662353e-04
1.413724425133490036e-04
9.750501568373640972e-05
6.222083638299778265e-05
3.555442721939345294e-05
1.590729019158753830e-05
6.962966432400225894e-06
2.134381316741774533e-06
1.489205799892791824e-08
0.000000000000000000e+00
0.000000000000000000e+00
0.000000000000000000e+00
0.000000000000000000e+00
0.000000000000000000e+00
0.000000000000000000e+00
0.000000000000000000e+00
0.000000000000000000e+00
0.000000000000000000e+00
0.000000000000000000e+00
0.000000000000000000e+00
0.000000000000000000e+00
0.000000000000000000e+00
0.000000000000000000e+00
0.000000000000000000e+00
0.000000000000000000e+00
0.000000000000000000e+00
0.000000000000000000e+00
0.000000000000000000e+00
0.000000000000000000e+00
0.000000000000000000e+00
0.000000000000000000e+00
0.000000000000000000e+00
0.000000000000000000e+00
0.000000000000000000e+00
0.000000000000000000e+00
0.000000000000000000e+00
0.000000000000000000e+00
0.000000000000000000e+00
0.000000000000000000e+00
0.000000000000000000e+00
0.000000000000000000e+00
0.000000000000000000e+00
0.000000000000000000e+00
0.000000000000000000e+00
0.000000000000000000e+00
0.000000000000000000e+00
0.000000000000000000e+00
0.000000000000000000e+00
0.000000000000000000e+00
0.000000000000000000e+00
0.000000000000000000e+00
0.000000000000000000e+00
0.000000000000000000e+00
0.000000000000000000e+00
0.000000000000000000e+00
0.000000000000000000e+00
0.000000000000000000e+00
0.000000000000000000e+00
0.000000000000000000e+00
0.000000000000000000e+00
0.000000000000000000e+00
0.000000000000000000e+00
0.000000000000000000e+00
0.000000000000000000e+00
0.000000000000000000e+00
0.000000000000000000e+00
0.000000000000000000e+00
0.000000000000000000e+00
0.000000000000000000e+00
0.000000000000000000e+00
0.000000000000000000e+00
0.000000000000000000e+00
0.000000000000000000e+00
0.000000000000000000e+00
0.000000000000000000e+00
0.000000000000000000e+00
0.000000000000000000e+00
0.000000000000000000e+00
0.000000000000000000e+00
0.000000000000000000e+00
0.000000000000000000e+00
0.000000000000000000e+00
0.000000000000000000e+00
0.000000000000000000e+00
0.000000000000000000e+00
0.000000000000000000e+00
0.000000000000000000e+00
0.000000000000000000e+00
0.000000000000000000e+00
0.000000000000000000e+00
0.000000000000000000e+00
0.000000000000000000e+00
0.000000000000000000e+00
0.000000000000000000e+00
0.000000000000000000e+00
0.000000000000000000e+00
0.000000000000000000e+00
0.000000000000000000e+00
0.000000000000000000e+00
0.000000000000000000e+00
0.000000000000000000e+00
0.000000000000000000e+00
0.000000000000000000e+00
0.000000000000000000e+00
0.000000000000000000e+00
0.000000000000000000e+00
0.000000000000000000e+00
0.000000000000000000e+00
0.000000000000000000e+00
0.000000000000000000e+00
0.000000000000000000e+00
0.000000000000000000e+00
0.000000000000000000e+00
0.000000000000000000e+00
0.000000000000000000e+00
0.000000000000000000e+00
0.000000000000000000e+00
0.000000000000000000e+00
0.000000000000000000e+00
0.000000000000000000e+00
0.000000000000000000e+00
0.000000000000000000e+00
0.000000000000000000e+00
0.000000000000000000e+00
0.000000000000000000e+00
0.000000000000000000e+00
0.000000000000000000e+00
0.000000000000000000e+00
0.000000000000000000e+00
0.000000000000000000e+00
0.000000000000000000e+00
0.000000000000000000e+00
0.000000000000000000e+00
0.000000000000000000e+00
0.000000000000000000e+00
0.000000000000000000e+00
0.000000000000000000e+00
0.000000000000000000e+00
0.000000000000000000e+00
0.000000000000000000e+00
0.000000000000000000e+00
0.000000000000000000e+00
0.000000000000000000e+00
0.000000000000000000e+00
0.000000000000000000e+00
0.000000000000000000e+00
0.000000000000000000e+00
0.000000000000000000e+00
0.000000000000000000e+00
0.000000000000000000e+00
0.000000000000000000e+00
0.000000000000000000e+00
0.000000000000000000e+00
0.000000000000000000e+00
0.000000000000000000e+00
0.000000000000000000e+00
0.000000000000000000e+00
0.000000000000000000e+00
0.000000000000000000e+00
0.000000000000000000e+00
0.000000000000000000e+00
0.000000000000000000e+00
0.000000000000000000e+00
0.000000000000000000e+00
0.000000000000000000e+00
0.000000000000000000e+00
0.000000000000000000e+00
0.000000000000000000e+00
0.000000000000000000e+00
0.000000000000000000e+00
0.000000000000000000e+00
0.000000000000000000e+00
0.000000000000000000e+00
0.000000000000000000e+00
0.000000000000000000e+00
0.000000000000000000e+00
0.000000000000000000e+00
0.000000000000000000e+00
0.000000000000000000e+00
0.000000000000000000e+00
0.000000000000000000e+00
0.000000000000000000e+00
0.000000000000000000e+00
0.000000000000000000e+00
0.000000000000000000e+00
0.000000000000000000e+00
0.000000000000000000e+00
0.000000000000000000e+00
0.000000000000000000e+00
0.000000000000000000e+00
0.000000000000000000e+00
0.000000000000000000e+00
0.000000000000000000e+00
0.000000000000000000e+00
0.000000000000000000e+00
0.000000000000000000e+00
0.000000000000000000e+00
0.000000000000000000e+00
0.000000000000000000e+00
0.000000000000000000e+00
0.000000000000000000e+00
0.000000000000000000e+00
0.000000000000000000e+00
0.000000000000000000e+00
0.000000000000000000e+00
0.000000000000000000e+00
0.000000000000000000e+00
0.000000000000000000e+00
0.000000000000000000e+00
0.000000000000000000e+00
0.000000000000000000e+00
0.000000000000000000e+00
0.000000000000000000e+00
0.000000000000000000e+00
0.000000000000000000e+00
0.000000000000000000e+00
0.000000000000000000e+00
0.000000000000000000e+00
0.000000000000000000e+00
0.000000000000000000e+00
0.000000000000000000e+00
0.000000000000000000e+00
0.000000000000000000e+00
0.000000000000000000e+00
0.000000000000000000e+00
0.000000000000000000e+00
0.000000000000000000e+00
0.000000000000000000e+00
0.000000000000000000e+00
0.000000000000000000e+00
0.000000000000000000e+00
0.000000000000000000e+00
0.000000000000000000e+00
0.000000000000000000e+00
0.000000000000000000e+00
0.000000000000000000e+00
0.000000000000000000e+00
0.000000000000000000e+00
0.000000000000000000e+00
0.000000000000000000e+00
0.000000000000000000e+00
0.000000000000000000e+00
0.000000000000000000e+00
0.000000000000000000e+00
0.000000000000000000e+00
