# bin_3
0.000000000000000000e+00
2.095397373157731380e+01
4.180177902380367527e+01
6.254155126626517358e+01
8.316983340487531962e+01
1.036823346346357795e+02
1.240766785183885048e+02
1.443487901837136178e+02
1.644946930925804054e+02
1.845118117507905424e+02
2.043940711265319408e+02
2.241350737495853025e+02
2.437338511664302700e+02
2.631828712627151958e+02
2.824760173271163239e+02
3.016135280659723890e+02
3.205877877982269979e+02
3.393910728289696976e+02
3.580262807515842383e+02
3.764891271174426493e+02
3.947708265325451862e+02
4.128710830361906119e+02
4.307886816849079423e+02
4.485150740100687585e+02
4.660524092713653204e+02
4.833920656907769740e+02
5.005339908769283284e+02
5.174766420738407078e+02
5.342156605167861017e+02
5.507412289564867933e+02
5.670600443659550365e+02
5.831653700566228054e+02
5.990542823827897791e+02
6.147233478933763990e+02
6.301716785128379570e+02
6.453977591123244792e+02
6.603951165713145883e+02
6.751634317714108420e+02
6.897040229915529608e+02
7.040118504275794749e+02
7.180781393203225207e+02
7.319126078042697827e+02
7.455064598244250647e+02
7.588499934101396320e+02
7.719565876422784640e+02
7.848132647996301330e+02
7.974121895893924830e+02
8.097685598234060080e+02
8.218644533104287575e+02
8.337062144445961849e+02
8.452912452024928598e+02
8.566112447144752196e+02
8.676819441523758769e+02
8.784865663940137210e+02
8.890248196653761852e+02
8.993049645248023580e+02
9.093222487006893289e+02
9.190645789813702322e+02
9.285432500050518456e+02
9.377596762961655941e+02
9.466939919019615672e+02
9.553669995162990745e+02
9.637644850959901532e+02
9.718872178368641244e+02
9.797435922498162881e+02
9.873145910161131269e+02
9.946194160017088279e+02
1.001648943176950411e+03
1.008393465749881670e+03
1.014868872180374751e+03
1.021061534193103284e+03
1.026973721651741698e+03
1.032613841150933467e+03
1.037968711848164048e+03
1.043044668884998373e+03
1.047843579782353117e+03
1.052350875345902068e+03
1.056589948638912801e+03
1.060546585820627115e+03
1.064210568128841942e+03
1.067604304677811115e+03
1.070710845477369276e+03
1.073537363090254985e+03
1.076086132248314243e+03
1.078343610173233401e+03
1.080332922524735523e+03
1.082040773088046762e+03
1.083453368975555122e+03
1.084596846309146713e+03
1.085460337817527034e+03
1.086031619706973743e+03
1.086329834061917836e+03
1.086336493098254323e+03
1.086078117102618307e+03
1.085541424132671864e+03
1.084707324100174901e+03
1.083609011789861370e+03
1.082222273222879494e+03
1.080564598463001403e+03
1.078631312300878335e+03
1.076408510150888787e+03
1.073922601180884840e+03
1.071161999904649974e+03
1.068109349022071001e+03
1.064798234660901699e+03
1.061200087440140351e+03
1.057340169652907662e+03
1.053209668721344997e+03
1.048791480154487090e+03
1.044119402129453874e+03
1.039168588228553745e+03
1.033949383010101428e+03
1.028469259465508458e+03
1.022706448522882511e+03
1.016694820826639557e+03
1.010415574172618335e+03
1.003858946308768054e+03
9.970520847600558909e+02
9.899750762120683021e+02
9.826420126085070024e+02
9.750547804004639829e+02
9.671932187967290702e+02
9.590935605223553466e+02
9.507293114105823406e+02
9.421176107710454062e+02
9.332597086016209005e+02
9.241413103619889853e+02
9.148020541833514017e+02
9.052362320976377532e+02
8.954340734611423613e+02
8.854470805760003032e+02
8.752566112437887114e+02
8.648987274740788962e+02
8.543770864532448286e+02
8.436900955005581864e+02
8.328728357450376052e+02
8.219159754285921053e+02
8.108250312802344979e+02
7.996206533016716094e+02
7.882771813921455077e+02
7.768398690016202863e+02
7.652835555057949932e+02
7.536264253350104809e+02
7.418781341038820756e+02
7.300150912488719541e+02
7.180831529401916669e+02
7.060563118033421688e+02
6.939583143715678943e+02
6.817937738535478047e+02
6.695404436945722182e+02
6.572474004842615614e+02
6.448891886753863218e+02
6.324852854470753982e+02
6.200454510995739383e+02
6.075474001616503301e+02
5.950396306795686314e+02
5.825014867693902261e+02
5.699374429536419484e+02
5.573714622305582225e+02
5.447838190825972333e+02
5.322120979171068029e+02
5.196349840093506600e+02
5.070783948567420794e+02
4.945462703458148326e+02
4.820225852893840397e+02
4.695515947271186405e+02
4.571069741406353728e+02
4.447292289518308053e+02
4.324125446524166136e+02
4.201457507531158058e+02
4.079773682335189733e+02
3.958749933170137183e+02
3.838897450392874475e+02
3.720102984894699034e+02
3.602234675997102613e+02
3.485860086563924938e+02
3.370621740596262725e+02
3.257100024178246827e+02
3.145181582161677625e+02
3.035195066305979594e+02
2.927404036313047300e+02
2.821832753156294302e+02
2.718985428887171452e+02
2.618960161144464678e+02
2.521939555463870022e+02
2.428343240586331433e+02
2.338014796881413417e+02
2.251583716686531886e+02
2.168770075601989049e+02
2.089996785539453299e+02
2.015146608808556437e+02
1.944102556638463000e+02
1.876994478053927935e+02
1.813268955565411318e+02
1.753160012625729109e+02
1.696067507662549758e+02
1.641869403868331574e+02
1.590291133783634621e+02
1.540769500553989815e+02
1.493444760283507549e+02
1.447646191656504300e+02
1.403430698664709553e+02
1.360526590951836283e+02
1.318585994762881057e+02
1.277946247132196476e+02
1.238193347646681843e+02
1.199636181989024664e+02
1.161958423684850317e+02
1.125527759291652217e+02
1.090163941475380796e+02
1.055728617716023763e+02
1.022591790841826906e+02
9.903906691390270112e+01
9.594571230674753792e+01
9.294994169261404693e+01
9.008476903507082056e+01
8.733692949310635356e+01
8.468307546532697927e+01
8.216630067394581260e+01
7.973951745166415606e+01
7.744331924919259791e+01
7.524081004188516886e+01
7.314079110132850303e+01
7.113585846548188840e+01
6.922336601937489320e+01
6.740738352701436042e+01
6.565125179748234530e+01
6.399190385934191738e+01
6.238198141026741439e+01
6.085596713279441872e+01
5.937169291902139889e+01
5.795543131903449563e+01
5.659336743015516191e+01
5.525314811802062565e+01
5.398149890650559968e+01
5.272284675771143725e+01
5.152375238613606712e+01
5.033836708930270021e+01
4.920262189615026927e+01
4.808478708037372940e+01
4.700596080591722625e+01
4.596150224499373849e+01
4.492556432887853646e+01
4.393403809043706332e+01
4.295328681625461797e+01
4.200639018665929569e+01
4.107811545342284631e+01
4.017071020143724525e+01
3.929136034019594348e+01
3.841959426902916164e+01
3.758407404908160743e+01
3.674732128689658595e+01
3.594989572612607986e+01
3.514947666099348567e+01
3.438534732792501103e+01
3.362382072265661037e+01
3.288758419404895506e+01
3.216647508717251469e+01
3.145383229961027283e+01
3.076951288023771269e+01
3.008116831096136679e+01
2.942716587720112287e+01
2.876764402908018070e+01
2.813873214746812224e+01
2.751385615198864443e+01
2.690331806226582856e+01
2.629428594913705552e+01
2.571620321494700079e+01
2.513555054281393097e+01
2.457449676393351012e+01
2.402619936184949267e+01
2.347634322975912013e+01
2.295305690458693348e+01
2.242091354763459421e+01
2.191259022553657587e+01
2.140476278797309817e+01
2.092141251691783665e+01
2.042901024271443688e+01
1.996402729200550041e+01
1.950014878204023461e+01
1.904529955906697936e+01
1.859096965944440427e+01
1.816258495273180884e+01
1.773763913170678208e+01
1.731658876940389646e+01
1.689976482334689223e+01
1.650495750648105187e+01
1.611774919032263043e+01
1.572710478949211144e+01
1.536060041559960077e+01
1.498594955032417886e+01
1.463185677348471003e+01
1.427089996036292163e+01
1.392972458257883694e+01
1.359050153886498968e+01
1.327101004731307476e+01
1.294198413421428029e+01
1.263440591729979801e+01
1.231968390402080082e+01
1.202931963406577331e+01
1.173614331835704583e+01
1.145164572169533379e+01
1.116626275382191125e+01
1.090073741230886384e+01
1.062705738822545065e+01
1.037704148940463966e+01
1.012721058231365845e+01
9.878660788660168279e+00
9.635864843743741304e+00
9.405886275613550396e+00
9.170127016534429742e+00
8.955487732973265835e+00
8.746346035038552458e+00
8.527960445878797202e+00
8.326725162001238800e+00
8.123652800309265842e+00
7.928510647755116381e+00
7.740471604750692514e+00
7.550423487853224813e+00
7.375859238251347705e+00
7.209308533302697164e+00
7.030920241566625428e+00
6.872219456926310421e+00
6.702842983327704118e+00
6.551280333551920521e+00
6.392220475819418546e+00
6.246117902613472772e+00
6.097478172430861321e+00
5.955935981097455034e+00
5.817187519966011244e+00
5.679805539419879423e+00
5.550044469873690822e+00
5.416704069076190287e+00
5.294849219485394443e+00
5.165551837600636631e+00
5.050490672252441193e+00
4.925249906853342630e+00
4.815935799355742120e+00
4.694707797978444397e+00
4.590219332086289405e+00
4.472880889090818712e+00
4.372478096329612818e+00
4.258884970193689057e+00
4.162086998063871945e+00
4.052114029985215637e+00
3.958687368304372178e+00
3.852232379921577632e+00
3.762129326067544799e+00
3.659133798412589123e+00
3.572430749643323633e+00
3.472895825576272966e+00
3.389734623120043366e+00
3.293735953522535898e+00
3.214161563691995127e+00
3.121900855926029283e+00
3.031720026442705329e+00
2.957800955705688128e+00
2.871569404770064615e+00
2.801530169978632134e+00
2.719712969881514120e+00
2.653274383355088695e+00
2.576292526452167664e+00
2.513763837073890173e+00
2.442188616215645425e+00
2.370313730082807435e+00
2.310217811136939137e+00
2.247567888884773879e+00
2.190240489352219821e+00
2.133139715722798702e+00
2.077792681163016741e+00
2.026196955127273824e+00
1.967803235082768776e+00
1.913729303363352896e+00
1.872090341933907220e+00
1.819745768862863100e+00
1.781796686775044991e+00
1.732332350100997953e+00
1.684461286780446709e+00
1.649852839510612235e+00
1.606823586862985431e+00
1.573997982208271251e+00
1.536298761863020390e+00
1.495477678500774621e+00
1.460527873531959342e+00
1.432589105471895774e+00
1.395749260432020078e+00
1.360731651303438872e+00
1.339787706392670641e+00
1.306969863811196397e+00
1.275032816457883023e+00
1.252973102654713067e+00
1.228024449057620426e+00
1.205272126542285216e+00
1.185376093616583137e+00
1.158432141053851838e+00
1.132904714285928094e+00
1.120868800745605132e+00
1.097173910923874285e+00
1.073934277230440104e+00
1.059140696156651629e+00
1.043420185307192494e+00
1.022595349633055983e+00
1.002452679329503882e+00
9.832230081294713875e-01
9.765949845525703221e-01
9.594006427031255280e-01
9.418642186931175386e-01
9.299282574852684169e-01
9.216364981957387847e-01
9.057177391823193480e-01
8.904659722176720971e-01
8.869113177859190289e-01
8.739435033780950102e-01
8.600720373430793542e-01
8.464782169920421762e-01
8.342565264410498616e-01
8.331124282675019810e-01
8.207590996794845717e-01
8.088168663176039663e-01
7.970621270307542972e-01
7.882245212074807661e-01
7.869772165546389253e-01
7.761703621744613368e-01
7.657815661101236016e-01
7.555597572958813180e-01
7.494335243105024746e-01
7.481572850441072786e-01
7.387174951525795619e-01
7.296126858123214154e-01
7.207768626655338684e-01
7.121052238828876613e-01
7.050143634792974678e-01
7.072766389376873297e-01
6.992797143928427550e-01
6.915238729407549023e-01
6.839613198562125573e-01
6.765717792254728469e-01
6.694291980007128773e-01
6.720005109031306212e-01
6.670471715824213277e-01
6.603627055377166988e-01
6.538471265481042849e-01
6.475208385190603932e-01
6.413792611083648509e-01
6.353349697540825458e-01
6.306543540291593697e-01
6.348628283795781924e-01
6.292985714005009390e-01
6.238481358678703570e-01
6.185161551464855023e-01
6.133361919707679411e-01
6.082924364333838207e-01
6.033820700070796628e-01
5.986085015210247384e-01
5.939424864108089341e-01
5.894045563652535735e-01
5.914905040575492157e-01
5.913569715656716852e-01
5.870937880692173039e-01
5.829678489894423166e-01
5.789526433502495406e-01
5.750462873069184244e-01
5.712428886986602450e-01
5.675394683043341049e-01
5.639336848674249003e-01
5.604220440128839797e-01
5.570012204028434999e-01
5.536685967416443699e-01
5.504217346292388235e-01
5.472573709999579705e-01
5.441722997510802795e-01
5.411646917131602841e-01
5.382317502502311779e-01
5.353705285937572222e-01
5.325785877277636748e-01
5.298541751295117175e-01
5.271947408362518406e-01
5.245976886103378423e-01
5.220615097173576524e-01
5.195843546847913608e-01
5.171639976522948157e-01
5.147988431030542378e-01
5.124877106693264128e-01
5.102289169592288953e-01
5.080210779892102568e-01
5.058633565121465336e-01
5.037547403293558546e-01
5.016939932116658563e-01
4.996802311873518310e-01
4.977126913766388716e-01
4.957901104841291318e-01
4.939114746803424660e-01
4.920810594224092061e-01
4.902813015716891432e-01
4.885410686561352245e-01
4.814761388093245498e-01
4.761881181158036935e-01
4.745860938338401502e-01
4.730218854681360607e-01
4.714853493361935155e-01
4.699869113055125669e-01
4.685228793363259703e-01
4.670947306051452808e-01
4.656946203737219458e-01
4.643401698043043702e-01
4.606797642867993536e-01
4.531726695365146940e-01
4.519136398417116784e-01
4.506994184423948613e-01
4.494987466155269118e-01
4.483336222378246361e-01
4.471891899253600533e-01
4.460714681847162133e-01
4.390372213255939737e-01
4.357243153634186017e-01
4.347058094935553618e-01
4.337133953343375037e-01
4.327327548746372488e-01
4.317850319178117013e-01
4.259617372782438238e-01
4.220175956883388535e-01
4.211518121945889703e-01
4.203154207072702930e-01
4.189168596842425818e-01
4.117163123405862546e-01
4.101960315117751943e-01
4.094541764795868732e-01
4.087401216054321051e-01
4.057379618102960328e-01
3.998421838011887997e-01
3.991903530124706889e-01
3.985684385014410247e-01
3.979635552436950885e-01
3.933499104907721700e-01
3.894922003789800247e-01
3.889584363676180656e-01
3.884524656959782440e-01
3.879183080357360147e-01
3.827199224075955031e-01
3.795824600979606500e-01
3.797036375639642469e-01
3.753079928033283830e-01
3.713875601825897821e-01
3.716631443055146700e-01
3.685812720655126662e-01
3.638604353930047774e-01
3.637207833185211459e-01
3.621162967425972101e-01
3.571419525484818558e-01
3.559915796236619023e-01
3.556976008613963458e-01
3.511543252157411921e-01
3.486519386460635861e-01
3.490778386243200138e-01
3.457083626878302285e-01
3.419588077469210008e-01
3.427032754017355631e-01
3.402870582108230568e-01
3.364319566732115740e-01
3.326631944592624568e-01
3.290491368471775702e-01
3.297401816160228094e-01
3.278970174689398442e-01
3.243115509134227858e-01
3.208029848036286213e-01
3.173853351486957686e-01
3.178391870656283036e-01
3.165752565464852175e-01
3.132361220511599709e-01
3.099999552809888370e-01
3.067914614362155512e-01
3.036303167780402545e-01
3.007466859220805921e-01
3.018010920572484213e-01
3.001442296742019566e-01
2.971392334829188742e-01
2.942283025702347454e-01
2.913475848842333460e-01
2.885360987597686555e-01
2.857489567810259645e-01
2.830214568025046229e-01
2.813652216941525119e-01
2.826402286822543575e-01
2.803812866441498519e-01
2.777809202078657669e-01
2.752551249919182874e-01
2.727604684423685089e-01
2.703166489657032323e-01
2.679168177133393058e-01
2.655596862290352522e-01
2.632451200238967171e-01
2.609719374751940935e-01
2.587398606560181169e-01
2.565480104046936050e-01
2.543957787638118639e-01
2.522827016365547514e-01
2.502078576760031758e-01
2.481734852050714035e-01
2.461780708083901592e-01
2.442128494597023136e-01
2.422939703656275534e-01
2.385177826322368300e-01
2.340803165993016743e-01
2.322769112187155482e-01
2.305371229690807433e-01
2.288155229102170618e-01
2.271225627433406391e-01
2.254704428004756511e-01
2.238372896823114522e-01
2.222591526763503522e-01
2.196452538653455577e-01
2.152550591895533438e-01
2.135507393536663634e-01
2.121106645852568195e-01
2.107085117023025367e-01
2.093040930398920585e-01
2.060558000939931578e-01
2.026260565503377187e-01
2.015230291642137184e-01
1.998879076613307160e-01
1.964069028971900110e-01
1.938572422202144707e-01
1.930314196486161149e-01
1.911154296222061788e-01
1.877906502273312961e-01
1.858327202208621964e-01
1.851350678426570140e-01
1.830141467361659224e-01
1.799378344321858059e-01
1.785748546195907172e-01
1.779527439949669665e-01
1.755164457840133196e-01
1.729046559052208332e-01
1.704151172405743986e-01
1.679415627032082581e-01
1.655106597369994104e-01
1.631840359139588026e-01
1.622645107238528117e-01
1.617334597562589404e-01
1.595448320292162103e-01
1.573489190061889142e-01
1.552392069417758147e-01
1.531594150162019774e-01
1.511394478332097335e-01
1.491684893426031278e-01
1.472456063461853037e-01
1.453700921491043185e-01
1.435410258178740905e-01
1.417577555793674560e-01
1.400287430303846781e-01
1.383241303781202192e-01
1.366931037409174488e-01
1.350636830721976267e-01
1.321882077290100210e-01
1.294390795065398225e-01
1.279719332734837733e-01
1.265675573419169642e-01
1.252143775357733579e-01
1.238560008902849230e-01
1.214985764194200790e-01
1.189684235613082536e-01
1.177309006998065039e-01
1.165698841848553935e-01
1.155107606690702476e-01
1.143917365427246507e-01
1.126296045224652181e-01
1.103679615881713871e-01
1.083195225300208481e-01
1.063620020473375061e-01
1.049531087812750063e-01
1.043962046418292489e-01
1.028675754348838123e-01
1.010672520658734003e-01
9.936178465301545581e-02
9.768961776129234109e-02
9.606830481607324390e-02
9.449704241101354596e-02
9.297328386314381021e-02
9.150023235581765391e-02
9.004675482202660619e-02
8.867122352603998281e-02
8.728497443257397792e-02
8.516583344143832668e-02
8.308028800418758297e-02
8.183101878372593674e-02
8.064922123752318872e-02
7.953647638242801465e-02
7.842377067035379012e-02
7.696631408122715789e-02
7.513521337779209552e-02
7.340131661357499060e-02
7.175471004781466822e-02
7.027727133882397115e-02
6.949524941397608457e-02
6.846938008650459151e-02
6.700526430641078057e-02
6.554494794594810381e-02
6.417231851518515051e-02
6.280988790952310441e-02
6.112735627414576239e-02
5.917523838579588635e-02
5.781771369142012923e-02
5.662843639246736838e-02
5.548019406566446349e-02
5.438951238958206896e-02
5.318844718031758706e-02
5.169236820767825202e-02
5.014803201698288249e-02
4.872581929370428666e-02
4.732945275328408197e-02
4.598587839141567157e-02
4.468060532855989975e-02
4.340379911488688458e-02
4.219175457953619479e-02
4.093957752897212088e-02
3.941663213952733419e-02
3.794524659355247298e-02
3.685392858864635496e-02
3.584139469462974820e-02
3.459571253404276209e-02
3.329584162258409502e-02
3.206239447124799996e-02
3.089712491948762296e-02
2.968769352662317326e-02
2.835252995096581435e-02
2.701222596246931340e-02
2.576538621963089803e-02
2.456478296093190378e-02
2.341521699900724757e-02
2.230838422858478359e-02
2.125526594642530853e-02
2.026625263787776299e-02
1.926384279890425155e-02
1.820828581314647143e-02
1.714537812050297150e-02
1.607034428852188029e-02
1.497724134212680830e-02
1.394095714996868712e-02
1.299188885272582056e-02
1.207379725042545017e-02
1.113574778488215893e-02
1.021804974651789599e-02
9.387716776551259870e-03
8.617571939780119261e-03
7.845483598909484824e-03
7.048150370430949357e-03
6.262254059786316607e-03
5.554212215802781238e-03
4.943241434308126916e-03
4.345438974888736657e-03
3.755086580961182301e-03
3.187093308761112815e-03
2.662760810288654443e-03
2.190686804815699610e-03
1.766578188392881792e-03
1.393230939808630733e-03
1.059005199194151857e-03
7.616164415349455487e-04
5.066191326055568883e-04
2.958851334514128067e-04
1.406747619465775843e-04
6.202999565543297687e-05
1.822495524939681606e-05
1.228153962434553334e-07
0.000000000000000000e+00
0.000000000000000000e+00
0.000000000000000000e+00
0.000000000000000000e+00
0.000000000000000000e+00
0.000000000000000000e+00
0.000000000000000000e+00
0.000000000000000000e+00
0.000000000000000000e+00
0.000000000000000000e+00
0.000000000000000000e+00
0.000000000000000000e+00
0.000000000000000000e+00
0.000000000000000000e+00
0.000000000000000000e+00
0.000000000000000000e+00
0.000000000000000000e+00
0.000000000000000000e+00
0.000000000000000000e+00
0.000000000000000000e+00
0.000000000000000000e+00
0.000000000000000000e+00
0.000000000000000000e+00
0.000000000000000000e+00
0.000000000000000000e+00
0.000000000000000000e+00
0.000000000000000000e+00
0.000000000000000000e+00
0.000000000000000000e+00
0.000000000000000000e+00
0.000000000000000000e+00
0.000000000000000000e+00
0.000000000000000000e+00
0.000000000000000000e+00
0.000000000000000000e+00
0.000000000000000000e+00
0.000000000000000000e+00
0.000000000000000000e+00
0.000000000000000000e+00
0.000000000000000000e+00
0.000000000000000000e+00
0.000000000000000000e+00
0.000000000000000000e+00
0.000000000000000000e+00
0.000000000000000000e+00
0.000000000000000000e+00
0.000000000000000000e+00
0.000000000000000000e+00
0.000000000000000000e+00
0.000000000000000000e+00
0.000000000000000000e+00
0.000000000000000000e+00
0.000000000000000000e+00
0.000000000000000000e+00
0.000000000000000000e+00
0.000000000000000000e+00
0.000000000000000000e+00
0.000000000000000000e+00
0.000000000000000000e+00
0.000000000000000000e+00
0.000000000000000000e+00
0.000000000000000000e+00
0.000000000000000000e+00
0.000000000000000000e+00
0.000000000000000000e+00
0.000000000000000000e+00
0.000000000000000000e+00
0.000000000000000000e+00
0.000000000000000000e+00
0.000000000000000000e+00
0.000000000000000000e+00
0.000000000000000000e+00
0.000000000000000000e+00
0.000000000000000000e+00
0.000000000000000000e+00
0.000000000000000000e+00
0.000000000000000000e+00
0.000000000000000000e+00
0.000000000000000000e+00
0.000000000000000000e+00
0.000000000000000000e+00
0.000000000000000000e+00
0.000000000000000000e+00
0.000000000000000000e+00
0.000000000000000000e+00
0.000000000000000000e+00
0.000000000000000000e+00
0.000000000000000000e+00
0.000000000000000000e+00
0.000000000000000000e+00
0.000000000000000000e+00
0.000000000000000000e+00
0.000000000000000000e+00
0.000000000000000000e+00
0.000000000000000000e+00
0.000000000000000000e+00
0.000000000000000000e+00
0.000000000000000000e+00
0.000000000000000000e+00
0.000000000000000000e+00
0.000000000000000000e+00
0.000000000000000000e+00
0.000000000000000000e+00
0.000000000000000000e+00
0.000000000000000000e+00
0.000000000000000000e+00
0.000000000000000000e+00
0.000000000000000000e+00
0.000000000000000000e+00
0.000000000000000000e+00
0.000000000000000000e+00
0.000000000000000000e+00
0.000000000000000000e+00
0.000000000000000000e+00
0.000000000000000000e+00
0.000000000000000000e+00
0.000000000000000000e+00
0.000000000000000000e+00
0.000000000000000000e+00
0.000000000000000000e+00
0.000000000000000000e+00
0.000000000000000000e+00
0.000000000000000000e+00
0.000000000000000000e+00
0.000000000000000000e+00
0.000000000000000000e+00
0.000000000000000000e+00
0.000000000000000000e+00
0.000000000000000000e+00
0.000000000000000000e+00
0.000000000000000000e+00
0.000000000000000000e+00
0.000000000000000000e+00
0.000000000000000000e+00
0.000000000000000000e+00
0.000000000000000000e+00
0.000000000000000000e+00
0.000000000000000000e+00
0.000000000000000000e+00
0.000000000000000000e+00
0.000000000000000000e+00
0.000000000000000000e+00
0.000000000000000000e+00
0.000000000000000000e+00
0.000000000000000000e+00
0.000000000000000000e+00
0.000000000000000000e+00
0.000000000000000000e+00
0.000000000000000000e+00
0.000000000000000000e+00
0.000000000000000000e+00
0.000000000000000000e+00
0.000000000000000000e+00
0.000000000000000000e+00
0.000000000000000000e+00
0.000000000000000000e+00
0.000000000000000000e+00
0.000000000000000000e+00
0.000000000000000000e+00
0.000000000000000000e+00
0.000000000000000000e+00
0.000000000000000000e+00
0.000000000000000000e+00
0.000000000000000000e+00
0.000000000000000000e+00
0.000000000000000000e+00
0.000000000000000000e+00
0.000000000000000000e+00
0.000000000000000000e+00
0.000000000000000000e+00
0.000000000000000000e+00
0.000000000000000000e+00
0.000000000000000000e+00
0.000000000000000000e+00
0.000000000000000000e+00
0.000000000000000000e+00
0.000000000000000000e+00
0.000000000000000000e+00
0.000000000000000000e+00
0.000000000000000000e+00
0.000000000000000000e+00
0.000000000000000000e+00
0.000000000000000000e+00
0.000000000000000000e+00
0.000000000000000000e+00
0.000000000000000000e+00
0.000000000000000000e+00
0.000000000000000000e+00
0.000000000000000000e+00
0.000000000000000000e+00
0.000000000000000000e+00
0.000000000000000000e+00
0.000000000000000000e+00
0.000000000000000000e+00
0.000000000000000000e+00
0.000000000000000000e+00
0.000000000000000000e+00
0.000000000000000000e+00
0.000000000000000000e+00
0.000000000000000000e+00
0.000000000000000000e+00
0.000000000000000000e+00
0.000000000000000000e+00
0.000000000000000000e+00
0.000000000000000000e+00
0.000000000000000000e+00
0.000000000000000000e+00
0.000000000000000000e+00
0.000000000000000000e+00
0.000000000000000000e+00
0.000000000000000000e+00
0.000000000000000000e+00
0.000000000000000000e+00
0.000000000000000000e+00
0.000000000000000000e+00
0.000000000000000000e+00
0.000000000000000000e+00
0.000000000000000000e+00
0.000000000000000000e+00
0.000000000000000000e+00
0.000000000000000000e+00
0.000000000000000000e+00
0.000000000000000000e+00
0.000000000000000000e+00
0.000000000000000000e+00
0.000000000000000000e+00
0.000000000000000000e+00
0.000000000000000000e+00
0.000000000000000000e+00
0.000000000000000000e+00
0.000000000000000000e+00
0.000000000000000000e+00
0.000000000000000000e+00
0.000000000000000000e+00
0.000000000000000000e+00
0.000000000000000000e+00
