# chi
0.000000000000000000e+00
2.097491626127373365e+01
4.188751374635074853e+01
6.273804836656438511e+01
8.352587789616615055e+01
1.042512214160011013e+02
1.249133659461287351e+02
1.455118307812604144e+02
1.660471083314175189e+02
1.865180484934367655e+02
2.069250512568276292e+02
2.272677063502520411e+02
2.475454900043006319e+02
2.677588223588663823e+02
2.879067530740282450e+02
3.079895998981411367e+02
3.280070477658418895e+02
3.479586542395135780e+02
3.678447649296830946e+02
3.876646257004455833e+02
4.074184769983754109e+02
4.271060903813911409e+02
4.467271090986511695e+02
4.662818031537984780e+02
4.857696087491087269e+02
5.051906946520912243e+02
5.245449100636022877e+02
5.438319868147747229e+02
5.630521193387145331e+02
5.822049263448878946e+02
6.012905110358400407e+02
6.203087911193565560e+02
6.392595885073758382e+02
6.581430231112399269e+02
6.769588867039057050e+02
6.957072233479163970e+02
7.143880101786504611e+02
7.330011593868180171e+02
7.515467183058772207e+02
7.700246410655965974e+02
7.884349191599241067e+02
8.067775803089175497e+02
8.250526259988744187e+02
8.432600336975386881e+02
8.613999082574296153e+02
8.794721951766443908e+02
8.974769642996162702e+02
9.154143043801209387e+02
9.332841263700979653e+02
9.510866735959382368e+02
9.688218520099680973e+02
9.864897656165940134e+02
1.004090587509616171e+03
1.021624165983501143e+03
1.039090870257937695e+03
1.056490572964584771e+03
1.073823404881659371e+03
1.091089619764821464e+03
1.108289007493762938e+03
1.125422050518838887e+03
1.142488594070128329e+03
1.159488788945972829e+03
1.176422965281384450e+03
1.193290859052647875e+03
1.210093053410255834e+03
1.226829371734827646e+03
1.243499978753184905e+03
1.260105276232718552e+03
1.276644950921179088e+03
1.293119674449229478e+03
1.309529253490558631e+03
1.325873861279466837e+03
1.342153966134484563e+03
1.358369210319946887e+03
1.374520342181172509e+03
1.390607156391485887e+03
1.406629829933683595e+03
1.422588892380261086e+03
1.438483946246773939e+03
1.454315805393659502e+03
1.470084256752078545e+03
1.485789476934121467e+03
1.501432051358275430e+03
1.517011547447345947e+03
1.532528834025340757e+03
1.547983694090378094e+03
1.563376300371879097e+03
1.578707288706925510e+03
1.593976195947064980e+03
1.609183936032138718e+03
1.624330291396000575e+03
1.639415427940812833e+03
1.654440026553043708e+03
1.669403597855468433e+03
1.684307091792955589e+03
1.699150293179659457e+03
1.713933358668634810e+03
1.728657008949068540e+03
1.743320732544458224e+03
1.757925507044721599e+03
1.772471122186311959e+03
1.786957723426839948e+03
1.801386066185975778e+03
1.815755620779848414e+03
1.830067384832303560e+03
1.844321155167066081e+03
1.858517064527390403e+03
1.872655898206114443e+03
1.886737111949939163e+03
1.900761716539647750e+03
1.914729517702210387e+03
1.928640634327498674e+03
1.942495876969368965e+03
1.956294690179737700e+03
1.970038091728800737e+03
1.983725897743101086e+03
1.997358212454037584e+03
2.010935867330745168e+03
2.024458298838293103e+03
2.037926526246115600e+03
2.051340377286747753e+03
2.064699941018377103e+03
2.078006065759552712e+03
2.091258182731186935e+03
2.104457307851720088e+03
2.117603281405564758e+03
2.130696177012607677e+03
2.143736856061692379e+03
2.156724747112386012e+03
2.169660858480963725e+03
2.182545043717514091e+03
2.195377360950682032e+03
2.208158681148616779e+03
2.220888432540886242e+03
2.233567612146649481e+03
2.246196087290488322e+03
2.258773900734876406e+03
2.271301929821324393e+03
2.283779604539991851e+03
2.296207907430623436e+03
2.308586719921606800e+03
2.320916069681571571e+03
2.333196837497842353e+03
2.345428456983368051e+03
2.357611893485518067e+03
2.369747042709956077e+03
2.381833917623633624e+03
2.393873399801127562e+03
2.405864928125440201e+03
2.417809448465627611e+03
2.429706870844023342e+03
2.441557194013665594e+03
2.453361297935340190e+03
2.465118628208535029e+03
2.476830109324338082e+03
2.488495665546900909e+03
2.500115281977487030e+03
2.511689834806618819e+03
2.523218777610256893e+03
2.534703011949377924e+03
2.546142476158781392e+03
2.557537142306025544e+03
2.568887880885561572e+03
2.580194154537714439e+03
2.591456840652207575e+03
2.602675891383075395e+03
2.613851266422298977e+03
2.624983828858643847e+03
2.636073051326697168e+03
2.647119786080680115e+03
2.658123998776530243e+03
2.669085637415286783e+03
2.680005556171925946e+03
2.690883238460860866e+03
2.701719510681848078e+03
2.712514351622147387e+03
2.723267698291536817e+03
2.733980394629974398e+03
2.744651935486029743e+03
2.755283120902205610e+03
2.765873942384404472e+03
2.776424326656263020e+03
2.786935106274007921e+03
2.797405788055892572e+03
2.807837145373910062e+03
2.818229182007556119e+03
2.828581815096932587e+03
2.838895864824393357e+03
2.849170850406327190e+03
2.859407518396230898e+03
2.869605884378227074e+03
2.879765856602469285e+03
2.889888242032477137e+03
2.899972572615112313e+03
2.910019568080673253e+03
2.920029255332317462e+03
2.930001534409563192e+03
2.939937198344563512e+03
2.949835792061081065e+03
2.959698008584961372e+03
2.969523885642427558e+03
2.979313315723245978e+03
2.989067077336027978e+03
2.998784728551389890e+03
3.008466935915103932e+03
3.018113747475424589e+03
3.027725048811600118e+03
3.037301603425545181e+03
3.046842982636900615e+03
3.056349826825427954e+03
3.065822193859799881e+03
3.075259963023909222e+03
3.084663882428229044e+03
3.094033536683789407e+03
3.103369540393870921e+03
3.112671960749126811e+03
3.121940671327449763e+03
3.131176404551672476e+03
3.140378758314040624e+03
3.149548321893721095e+03
3.158685171311192335e+03
3.167789175000735213e+03
3.176861049480741713e+03
3.185900405868594135e+03
3.194907808623364417e+03
3.203883342112031642e+03
3.212826870159994542e+03
3.221739093235364180e+03
3.230619635584680509e+03
3.239469037392729206e+03
3.248287390900549326e+03
3.257074555831443831e+03
3.265831216520598446e+03
3.274557010213268313e+03
3.283252453398878060e+03
3.291917645732591609e+03
3.300552443314501488e+03
3.309157514320299015e+03
3.317732508833938937e+03
3.326277920253935008e+03
3.334793855203417479e+03
3.343280166610549259e+03
3.351737506514526103e+03
3.360165537652821058e+03
3.368564730956373296e+03
3.376935199584838756e+03
3.385276793718646786e+03
3.393590149327127619e+03
3.401874941594870961e+03
3.410131619621708978e+03
3.418360302687773128e+03
3.426560838623552627e+03
3.434733847433374194e+03
3.442879016524851522e+03
3.450996773811316416e+03
3.459087244293167714e+03
3.467150273823152020e+03
3.475186466578788895e+03
3.483195521952073250e+03
3.491177847318284421e+03
3.499133573013975820e+03
3.507062543261663905e+03
3.514965346579155721e+03
3.522841694092435318e+03
3.530691973287333894e+03
3.538516319468626989e+03
3.546314575552399674e+03
3.554087314588736263e+03
3.561834259177947843e+03
3.569555777562040930e+03
3.577252009662217915e+03
3.584922797389239804e+03
3.592568698538736498e+03
3.600189446918606791e+03
3.607785392167008013e+03
3.615356678485763950e+03
3.622903147059776529e+03
3.630425340661521659e+03
3.637923004034598762e+03
3.645396468845411619e+03
3.652845883256331035e+03
3.660271087985283430e+03
3.667672611028008760e+03
3.675050207788473926e+03
3.682404192583680924e+03
3.689734717231893228e+03
3.697041622223422110e+03
3.704325421036189255e+03
3.711585879457232750e+03
3.718823295065227740e+03
3.726037823044712695e+03
3.733229303879268627e+03
3.740398236798088419e+03
3.747544397693322480e+03
3.754668068003858480e+03
3.761769406005510973e+03
3.768848252378572852e+03
3.775905092380678980e+03
3.782939711731595708e+03
3.789952376315441143e+03
3.796943247238462391e+03
3.803912165564661336e+03
3.810859602863522014e+03
3.817785354406365514e+03
3.824689671093251036e+03
3.831572716613690773e+03
3.838434332586924938e+03
3.845274977182275506e+03
3.852094454948832663e+03
3.858893002358414833e+03
3.865670785449805862e+03
3.872427646554484454e+03
3.879164030732732954e+03
3.885879751540616780e+03
3.892575031562202184e+03
3.899250038964223677e+03
3.905904616933770285e+03
3.912539197715047976e+03
3.919153603603901956e+03
3.925748043821532974e+03
3.932322688453457431e+03
3.938877381653233897e+03
3.945412543117926361e+03
3.951928003816296041e+03
3.958423960122958761e+03
3.964900583423009721e+03
3.971357718630413274e+03
3.977795773513328186e+03
3.984214587514815776e+03
3.990614345100068022e+03
3.996995219499513041e+03
4.003357056776215813e+03
4.009700252259209719e+03
4.016024653075593505e+03
4.022330431434359070e+03
4.028617761984960453e+03
4.034886492527562041e+03
4.041137006971679966e+03
4.047369159964819119e+03
4.053583112280926798e+03
4.059779039742939403e+03
4.065956791571697522e+03
4.072116740318056145e+03
4.078258748034022119e+03
4.084382964723873101e+03
4.090489567042744056e+03
4.096578405755228232e+03
4.102649842338168128e+03
4.108703745969827651e+03
4.114740256437952667e+03
4.120759550960892739e+03
4.126761481957712022e+03
4.132746400112278025e+03
4.138714181460269174e+03
4.144664956099888514e+03
4.150598901563543222e+03
4.156515872023984230e+03
4.162416207649126591e+03
4.168299791072459811e+03
4.174166743204530576e+03
4.180017241661299522e+03
4.185851142457714559e+03
4.191668775518395705e+03
4.197470029824096855e+03
4.203255017575525017e+03
4.209023916259206999e+03
4.214776583810871671e+03
4.220513340179847546e+03
4.226234080452468334e+03
4.231938908574346897e+03
4.237628001706040777e+03
4.243301219773427874e+03
4.248958873013659286e+03
4.254600862385610526e+03
4.260227284012482414e+03
4.265838314547756454e+03
4.271433815968277486e+03
4.277014089057054662e+03
4.282579040420900128e+03
4.288128758772182664e+03
4.293663420090669206e+03
4.299182888457067747e+03
4.304687455453054099e+03
4.310177033116970051e+03
4.315651703141769758e+03
4.321111640680423989e+03
4.326556711963078669e+03
4.331987199617542501e+03
4.337403020905239828e+03
4.342804250871879049e+03
4.348191063703245163e+03
4.353563327817727441e+03
4.358921317131302203e+03
4.364264953927761781e+03
4.369594306959373171e+03
4.374909549316224911e+03
4.380210551637495882e+03
4.385497579363890509e+03
4.390770559608341500e+03
4.396029555165960119e+03
4.401274737913739045e+03
4.406505980738422295e+03
4.411723540836494976e+03
4.416927349964047608e+03
4.422117465278634882e+03
4.427294057337133381e+03
4.432457001295318150e+03
4.437606546330985111e+03
4.442742628664412223e+03
4.447865300119288804e+03
4.452974729835063044e+03
4.458070795253100187e+03
4.463153737752540110e+03
4.468223497845652673e+03
4.473280122310809929e+03
4.478323778781772489e+03
4.483354346997559333e+03
4.488372060753200458e+03
4.493376864687304078e+03
4.498368800807056687e+03
4.503348035160732252e+03
4.508314449792932464e+03
4.513268271123687555e+03
4.518209447758604256e+03
4.523138017194091844e+03
4.528054143821021171e+03
4.532957711993709381e+03
4.537848940960917389e+03
4.542727783141996042e+03
4.547594271769934494e+03
4.552448569513639086e+03
4.557290563037804532e+03
4.562120464618327787e+03
4.566938230340921109e+03
4.571743889410094198e+03
4.576537602715076900e+03
4.581319259228423107e+03
4.586089064446326120e+03
4.590846977979129406e+03
4.595593025225995007e+03
4.600327365245151668e+03
4.605049889311585503e+03
4.609760796329790537e+03
4.614460049298450031e+03
4.619147670023292449e+03
4.623823815686145281e+03
4.628488379856366009e+03
4.633141555029656956e+03
4.637783307462006633e+03
4.642413655566942907e+03
4.647032754610029770e+03
4.651640500444515055e+03
4.656237079335248382e+03
4.660822460669516659e+03
4.665396659659745637e+03
4.669959829620506753e+03
4.674511868676275299e+03
4.679052957034085921e+03
4.683583067091374687e+03
4.688102211040923066e+03
4.692610540216354821e+03
4.697107954998728019e+03
4.701594629705517036e+03
4.706070539627820835e+03
4.710535694111082194e+03
4.714990242482445865e+03
4.719434087363118124e+03
4.723867397344575693e+03
4.728290150499586161e+03
4.732702353489848974e+03
4.737104153614623101e+03
4.741495455717207733e+03
4.745876422822067070e+03
4.750247035675947700e+03
4.754607298412142882e+03
4.758957356284422531e+03
4.763297116338681917e+03
4.767626736186870403e+03
4.771946199146180334e+03
4.776255506968975169e+03
4.780554802849474981e+03
4.784843996015364610e+03
4.789123238816216144e+03
4.793392517040108032e+03
4.797651830198494281e+03
4.801901319415251237e+03
4.806140896077891739e+03
4.810370707419479913e+03
4.814590741603254173e+03
4.818800996032693547e+03
4.823001609753565390e+03
4.827192496290219424e+03
4.831373797900922000e+03
4.835545505032016081e+03
4.839707613105209930e+03
4.843860259083196070e+03
4.848003358603261404e+03
4.852137049086537445e+03
4.856261323173950586e+03
4.860376174425247882e+03
4.864481737717662327e+03
4.868577930776722496e+03
4.872664886320138066e+03
4.876742599098291066e+03
4.880811060922700563e+03
4.884870404585146389e+03
4.888920549874002973e+03
4.892961624933433995e+03
4.896993626541410777e+03
4.901016544869186873e+03
4.905030510625289025e+03
4.909035445634945063e+03
4.913031473594912313e+03
4.917018593232001876e+03
4.920996793179695487e+03
4.924966202067487757e+03
4.928926743730948147e+03
4.932878537541939295e+03
4.936821584100376640e+03
4.940755870599248738e+03
4.944681523595098952e+03
4.948598468906897324e+03
4.952506821700574619e+03
4.956406584376305545e+03
4.960297742778926477e+03
4.964180421399818442e+03
4.968054548014050852e+03
4.971920233697159347e+03
4.975777482579496791e+03
4.979626279245385376e+03
4.983466746130402498e+03
4.987298812938122865e+03
4.991122586765884080e+03
4.994938073406799049e+03
4.998745256267857258e+03
5.002544255739614528e+03
5.006335003426333969e+03
5.010117602556109887e+03
5.013892060519950974e+03
5.017658359626459969e+03
5.021416618233261943e+03
5.025166769817316890e+03
5.028908913843280061e+03
5.032643059237650959e+03
5.036369187285558837e+03
5.040087414324989368e+03
5.043797675677486041e+03
5.047500067147014306e+03
5.051194599135507815e+03
5.054881251975715713e+03
5.058560140000352476e+03
5.062231200347370759e+03
5.065894525259822331e+03
5.069550126557292060e+03
5.073197983687603482e+03
5.076838208993557600e+03
5.080470741401305531e+03
5.084095669689881106e+03
5.087713007040907542e+03
5.091322732081287540e+03
5.094924955180154939e+03
5.098519617023674982e+03
5.102106803020958068e+03
5.105686527662139270e+03
5.109258768813922870e+03
5.112823634888823108e+03
5.116381068304885048e+03
5.119931151192683501e+03
5.123473899299343429e+03
5.127009289788975366e+03
5.130537429135248203e+03
5.134058261460031645e+03
5.137571865704114316e+03
5.141078258822018142e+03
5.144577417329901436e+03
5.148069445781009563e+03
5.151554289973100822e+03
5.155032025743377744e+03
5.158502671206014384e+03
5.161966202281042570e+03
5.165422721620277116e+03
5.168872176669577129e+03
5.172314640246273484e+03
5.175750131578227411e+03
5.179178626038496077e+03
5.182600224396969679e+03
5.186014875719990414e+03
5.189422649886329964e+03
5.192823567193277995e+03
5.196217602513524071e+03
5.199604854754991720e+03
5.202985274577074051e+03
5.206358928998967713e+03
5.209725839344773703e+03
5.213085980031003601e+03
5.216439448123964212e+03
5.219786195848888383e+03
5.223126287442116336e+03
5.226459745213520364e+03
5.229786543165328112e+03
5.233106776542916123e+03
5.236420399110373182e+03
5.239727472395708901e+03
5.243028019655043863e+03
5.246322014516033050e+03
5.249609550424107510e+03
5.252890582655472826e+03
5.256165170102211050e+03
5.259433336928620520e+03
5.262695056425412076e+03
5.265950420259303428e+03
5.269199385192147929e+03
5.272442007550437665e+03
5.275678312369977903e+03
5.278908272640192081e+03
5.282131978270518630e+03
5.285349387482262500e+03
5.288560554104665243e+03
5.291765504009715187e+03
5.294964209919332461e+03
5.298156760007273988e+03
5.301343113928387538e+03
5.304523323081065428e+03
5.307697414139446664e+03
5.310865359589944092e+03
5.314027245892363680e+03
5.317183034109486471e+03
5.320332773273375096e+03
5.323476490827529233e+03
5.326614159053156072e+03
5.329745862717939417e+03
5.332871564267287795e+03
5.335991310429628356e+03
5.339105129386232875e+03
5.342212993241791082e+03
5.345314985093753421e+03
5.348411068745165721e+03
5.351501288681750339e+03
5.354585673792103989e+03
5.357664196031555548e+03
5.360736936849253652e+03
5.363803861381212300e+03
5.366865011929663524e+03
5.369920418061188684e+03
5.372970051607450841e+03
5.376013992391236570e+03
5.379052206857188139e+03
5.382084735181598262e+03
5.385111607580761302e+03
5.388132795786977113e+03
5.391148378018599033e+03
5.394158322004886941e+03
5.397162665852137252e+03
5.400161440399098865e+03
5.403154617301705002e+03
5.406142273195760936e+03
5.409124377071472736e+03
5.412100965019512842e+03
5.415072068474819389e+03
5.418037659038689526e+03
5.420997811786219245e+03
5.423952496945220446e+03
5.426901748643607789e+03
5.429845598887181950e+03
5.432784019243144940e+03
5.435717083247644041e+03
5.438644762343100410e+03
5.441567088746058289e+03
5.444484095008771874e+03
5.447395752683754836e+03
5.450302133789873551e+03
5.453203210957030024e+03
5.456099014553785310e+03
5.458989577641887990e+03
5.461874871781963520e+03
5.464754967497155121e+03
5.467629838573956476e+03
5.470499513607269364e+03
5.473364026119900700e+03
5.476223347706469212e+03
5.479077547415829031e+03
5.481926600161046736e+03
5.484770532834762889e+03
5.487609379374805940e+03
5.490443111434163256e+03
5.493271796608702971e+03
5.496095410908881604e+03
5.498913979593682598e+03
5.501727536972191047e+03
5.504536054778712241e+03
5.507339599177279524e+03
5.510138147247384950e+03
5.512931722680264102e+03
5.515720360114679352e+03
5.518504031387841678e+03
5.521282801252941681e+03
5.524056647830938346e+03
5.526825593308659336e+03
5.529589672615034942e+03
5.532348857710481752e+03
5.535103211958170505e+03
5.537852714493730673e+03
5.540597386060448116e+03
5.543337261839894381e+03
5.546072313934762860e+03
5.548802604338849051e+03
5.551528113176397710e+03
5.554248859805656139e+03
5.556964879625192225e+03
5.559676144897883205e+03
5.562382716268613876e+03
5.565084574824907577e+03
5.567781738596203468e+03
5.570474243164227119e+03
5.573162060968832520e+03
5.575845251326259131e+03
5.578523796262677024e+03
5.581197712532768492e+03
5.583867035869291612e+03
5.586531738904829581e+03
5.589191879647038149e+03
5.591847441036780765e+03
5.594498438524564335e+03
5.597144908076398679e+03
5.599786822857443440e+03
5.602424239246284742e+03
5.605057140335694385e+03
5.607685540194611349e+03
5.610309475528501025e+03
5.612928920150783597e+03
5.615543930050742347e+03
5.618154489371231648e+03
5.620760610648329930e+03
5.623362329840466373e+03
5.625959620566143712e+03
5.628552537010979904e+03
5.631141064682318756e+03
5.633725215735788879e+03
5.636305026218654348e+03
5.638880469672591062e+03
5.641451599067412644e+03
5.644018400776029921e+03
5.646580885919871434e+03
5.649139090559709985e+03
5.651692988494630299e+03
5.654242631483026344e+03
5.656788006702185157e+03
5.659329124282050543e+03
5.661866020273541835e+03
5.664398668743598137e+03
5.666927120257962997e+03
5.669451362777997929e+03
5.671971405483239323e+03
5.674487284392620495e+03
5.676998973850644688e+03
5.679506523248949634e+03
5.682009921313219820e+03
5.684509176312098134e+03
5.687004324211578933e+03
5.689495339642741783e+03
5.691982270841426725e+03
5.694465107278416326e+03
5.696943856349467751e+03
5.699418553947809414e+03
5.701889174999440002e+03
5.704355766602489894e+03
5.706818318954129609e+03
5.709276838613792279e+03
5.711731361383182048e+03
5.714181862490933781e+03
5.716628387915316125e+03
5.719070928561678556e+03
5.721509490188300333e+03
5.723944108487628910e+03
5.726374758998054858e+03
5.728801486595602000e+03
5.731224282876071811e+03
5.733643152830431063e+03
5.736058132025105806e+03
5.738469196314797045e+03
5.740876389490670590e+03
5.743279703821722251e+03
5.745679143564158949e+03
5.748074744142563759e+03
5.750466481733955334e+03
5.752854399061789991e+03
5.755238489051462238e+03
5.757618755255748511e+03
5.759995232942441362e+03
5.762367898616374987e+03
5.764736793950216452e+03
5.767101912509399881e+03
5.769463257173416423e+03
5.771820863039180040e+03
5.774174706944355421e+03
5.776524829527503243e+03
5.778871224978167447e+03
5.781213895531557682e+03
5.783552876100423418e+03
5.785888143859813681e+03
5.788219738430632788e+03
5.790547654611030339e+03
5.792871894019843239e+03
5.795192491373147277e+03
5.797509424187489458e+03
5.799822731082342216e+03
5.802132407449348648e+03
5.804438454317838477e+03
5.806740906195436764e+03
5.809039740943891047e+03
5.811334996197228065e+03
5.813626667925876973e+03
5.815914756595508152e+03
5.818199296494222835e+03
5.820480265832277837e+03
5.822757701274012106e+03
5.825031599354312675e+03
5.827301960000071631e+03
5.829568817269463580e+03
5.831832149724186820e+03
5.834091993074425773e+03
5.836348344405560965e+03
5.838601203129659552e+03
5.840850603065201540e+03
5.843096523127909677e+03
5.845338998089119741e+03
5.847578025571106082e+03
5.849813604494157516e+03
5.852045768427907205e+03
5.854274496644350620e+03
5.856499822991051587e+03
5.858721745613928761e+03
5.860940262963676105e+03
5.863155408352508857e+03
5.865367161410623339e+03
5.867575555076667115e+03
5.869780588007293773e+03
5.871982258204963728e+03
5.874180598716452550e+03
5.876375589531781770e+03
5.878567262695318277e+03
5.880755617361870463e+03
5.882940651106223413e+03
5.885122396702226069e+03
5.887300834501071222e+03
5.889475995667251482e+03
5.891647879841474605e+03
5.893816484190636402e+03
5.895981841208675178e+03
5.898143931609029096e+03
5.900302785690516430e+03
5.902458403567794448e+03
5.904610782018919963e+03
5.906759953251416846e+03
5.908905898341788998e+03
5.911048646737156560e+03
5.913188199014482052e+03
5.915324551581325068e+03
5.917457736352751454e+03
5.919587734768908376e+03
5.921714575438983047e+03
5.923838259390890926e+03
5.925958782679348587e+03
5.928076176921357728e+03
5.930190423921058937e+03
5.932301551463261603e+03
5.934409561015771033e+03
5.936514448297454692e+03
5.938616244622062368e+03
5.940714932157863586e+03
5.942810537878634932e+03
5.944903063681279491e+03
5.946992504965180160e+03
5.949078892736040871e+03
5.951162209526191873e+03
5.953242481511516417e+03
5.955319711007503429e+03
5.957393893109794590e+03
5.959465058511646021e+03
5.961533190109184943e+03
5.963598313293330648e+03
5.965660430787904261e+03
5.967719537399979345e+03
5.969775663506303317e+03
5.971828792366355628e+03
5.973878948598822717e+03
5.975926135325860741e+03
5.977970347080571628e+03
5.980011613919496995e+03
5.982049919464857339e+03
5.984085287575635448e+03
5.986117721762567271e+03
5.988147216298837520e+03
5.990173800917396875e+03
5.992197459602437448e+03
5.994218215465576577e+03
5.996236072396623058e+03
5.998251024422374030e+03
6.000263100949128784e+03
6.002272286322113359e+03
6.004278602917718672e+03
6.006282054995550425e+03
6.008282636349043969e+03
6.010280376055083252e+03
6.012275258818861403e+03
6.014267306293486399e+03
6.016256523099320475e+03
6.018242902808975487e+03
6.020226474167436209e+03
6.022207222238654140e+03
6.024185167964214088e+03
6.026160316316403623e+03
6.028132660659086469e+03
6.030102229403134515e+03
6.032069007969932500e+03
6.034033016601107192e+03
6.035994260612270409e+03
6.037952733170151987e+03
6.039908462349555521e+03
6.041861433927842882e+03
6.043811667458073316e+03
6.045759168590781883e+03
6.047703930306752227e+03
6.049645980343013434e+03
6.051585304831342000e+03
6.053521922647428255e+03
6.055455839768541409e+03
6.057387049000288243e+03
6.059315577740440858e+03
6.061241412473519631e+03
6.063164571408870870e+03
6.065085060842502571e+03
6.067002873415211070e+03
6.068918036184260018e+03
6.070830535985149254e+03
6.072740390371725880e+03
6.074647605950937759e+03
6.076552175208739754e+03
6.078454124860842057e+03
6.080353442091867691e+03
6.082250143810839290e+03
6.084144236928030296e+03
6.086035713784161999e+03
6.087924600752545302e+03
6.089810885364980095e+03
6.091694583896162840e+03
6.093575703552265622e+03
6.095454236538013902e+03
6.097330208883668092e+03
6.099203608466184960e+03
6.101074450936263929e+03
6.102942743788725238e+03
6.104808479101194280e+03
6.106671682560408044e+03
6.108532342386375603e+03
6.110390473615965675e+03
6.112246084025570781e+03
6.114099165574273684e+03
6.115949743604991454e+03
6.117797806678617235e+03
6.119643369228186202e+03
6.121486439304756459e+03
6.123327008757105432e+03
6.125165102584192027e+03
6.127000709685564289e+03
6.128833843900260035e+03
6.130664513547259958e+03
6.132492710372958754e+03
6.134318459032375358e+03
6.136141748761418967e+03
6.137962592814808886e+03
6.139780999772870018e+03
6.141596961287238628e+03
6.143410501669161931e+03
6.145221610488557417e+03
6.147030300425342830e+03
6.148836580314764433e+03
6.150640441721036041e+03
6.152441908611945109e+03
6.154240970889015443e+03
6.156037640666731932e+03
6.157831927028980317e+03
6.159623821459613282e+03
6.161413347583392351e+03
6.163200495631002013e+03
6.164985277160710211e+03
6.166767701498921269e+03
6.168547760055910658e+03
6.170325476113980585e+03
6.172100840230486938e+03
6.173873863416535642e+03
6.175644555235072403e+03
6.177412907029327471e+03
6.179178941739827678e+03
6.180942650247890924e+03
6.182704041126766242e+03
6.184463127367981542e+03
6.186219904585536824e+03
6.187974384098543851e+03
6.189726561481251338e+03
