# z
0.000000000000000000e+00
7.007007007007006946e-03
1.401401401401401389e-02
2.102102102102101910e-02
2.802802802802802778e-02
3.503503503503503647e-02
4.204204204204203821e-02
4.904904904904904689e-02
5.605605605605605557e-02
6.306306306306305731e-02
7.007007007007007293e-02
7.707707707707707467e-02
8.408408408408407642e-02
9.109109109109109204e-02
9.809809809809809378e-02
1.051051051051051094e-01
1.121121121121121111e-01
1.191191191191191129e-01
1.261261261261261146e-01
1.331331331331331302e-01
1.401401401401401459e-01
1.471471471471471337e-01
1.541541541541541493e-01
1.611611611611611650e-01
1.681681681681681528e-01
1.751751751751751685e-01
1.821821821821821841e-01
1.891891891891891997e-01
1.961961961961961876e-01
2.032032032032032032e-01
2.102102102102102188e-01
2.172172172172172067e-01
2.242242242242242223e-01
2.312312312312312379e-01
2.382382382382382258e-01
2.452452452452452414e-01
2.522522522522522292e-01
2.592592592592592449e-01
2.662662662662662605e-01
2.732732732732732761e-01
2.802802802802802917e-01
2.872872872872873073e-01
2.942942942942942675e-01
3.013013013013012831e-01
3.083083083083082987e-01
3.153153153153153143e-01
3.223223223223223299e-01
3.293293293293293456e-01
3.363363363363363057e-01
3.433433433433433213e-01
3.503503503503503369e-01
3.573573573573573525e-01
3.643643643643643681e-01
3.713713713713713838e-01
3.783783783783783994e-01
3.853853853853853595e-01
3.923923923923923751e-01
3.993993993993993907e-01
4.064064064064064064e-01
4.134134134134134220e-01
4.204204204204204376e-01
4.274274274274273977e-01
4.344344344344344133e-01
4.414414414414414289e-01
4.484484484484484446e-01
4.554554554554554602e-01
4.624624624624624758e-01
4.694694694694694914e-01
4.764764764764764515e-01
4.834834834834834671e-01
4.904904904904904828e-01
4.974974974974974984e-01
5.045045045045044585e-01
5.115115115115115296e-01
5.185185185185184897e-01
5.255255255255255609e-01
5.325325325325325210e-01
5.395395395395394811e-01
5.465465465465465522e-01
5.535535535535535123e-01
5.605605605605605835e-01
5.675675675675675436e-01
5.745745745745746147e-01
5.815815815815815748e-01
5.885885885885885349e-01
5.955955955955956060e-01
6.026026026026025662e-01
6.096096096096096373e-01
6.166166166166165974e-01
6.236236236236236685e-01
6.306306306306306286e-01
6.376376376376375887e-01
6.446446446446446599e-01
6.516516516516516200e-01
6.586586586586586911e-01
6.656656656656656512e-01
6.726726726726726113e-01
6.796796796796796825e-01
6.866866866866866426e-01
6.936936936936937137e-01
7.007007007007006738e-01
7.077077077077077449e-01
7.147147147147147050e-01
7.217217217217216652e-01
7.287287287287287363e-01
7.357357357357356964e-01
7.427427427427427675e-01
7.497497497497497276e-01
7.567567567567567988e-01
7.637637637637637589e-01
7.707707707707707190e-01
7.777777777777777901e-01
7.847847847847847502e-01
7.917917917917918214e-01
7.987987987987987815e-01
8.058058058058058526e-01
8.128128128128128127e-01
8.198198198198197728e-01
8.268268268268268439e-01
8.338338338338338041e-01
8.408408408408408752e-01
8.478478478478478353e-01
8.548548548548547954e-01
8.618618618618618665e-01
8.688688688688688266e-01
8.758758758758758978e-01
8.828828828828828579e-01
8.898898898898899290e-01
8.968968968968968891e-01
9.039039039039038492e-01
9.109109109109109204e-01
9.179179179179178805e-01
9.249249249249249516e-01
9.319319319319319117e-01
9.389389389389389828e-01
9.459459459459459429e-01
9.529529529529529031e-01
9.599599599599599742e-01
9.669669669669669343e-01
9.739739739739740054e-01
9.809809809809809655e-01
9.879879879879879256e-01
9.949949949949949968e-01
1.002002002002001957e+00
1.009009009009008917e+00
1.016016016016016099e+00
1.023023023023023059e+00
1.030030030030030019e+00
1.037037037037036979e+00
1.044044044044043940e+00
1.051051051051051122e+00
1.058058058058058082e+00
1.065065065065065042e+00
1.072072072072072002e+00
1.079079079079078962e+00
1.086086086086086144e+00
1.093093093093093104e+00
1.100100100100100065e+00
1.107107107107107025e+00
1.114114114114114207e+00
1.121121121121121167e+00
1.128128128128128127e+00
1.135135135135135087e+00
1.142142142142142047e+00
1.149149149149149229e+00
1.156156156156156189e+00
1.163163163163163150e+00
1.170170170170170110e+00
1.177177177177177070e+00
1.184184184184184252e+00
1.191191191191191212e+00
1.198198198198198172e+00
1.205205205205205132e+00
1.212212212212212092e+00
1.219219219219219275e+00
1.226226226226226235e+00
1.233233233233233195e+00
1.240240240240240155e+00
1.247247247247247337e+00
1.254254254254254297e+00
1.261261261261261257e+00
1.268268268268268217e+00
1.275275275275275177e+00
1.282282282282282360e+00
1.289289289289289320e+00
1.296296296296296280e+00
1.303303303303303240e+00
1.310310310310310200e+00
1.317317317317317382e+00
1.324324324324324342e+00
1.331331331331331302e+00
1.338338338338338263e+00
1.345345345345345223e+00
1.352352352352352405e+00
1.359359359359359365e+00
1.366366366366366325e+00
1.373373373373373285e+00
1.380380380380380467e+00
1.387387387387387427e+00
1.394394394394394388e+00
1.401401401401401348e+00
1.408408408408408308e+00
1.415415415415415490e+00
1.422422422422422450e+00
1.429429429429429410e+00
1.436436436436436370e+00
1.443443443443443330e+00
1.450450450450450512e+00
1.457457457457457473e+00
1.464464464464464433e+00
1.471471471471471393e+00
1.478478478478478575e+00
1.485485485485485535e+00
1.492492492492492495e+00
1.499499499499499455e+00
1.506506506506506415e+00
1.513513513513513598e+00
1.520520520520520558e+00
1.527527527527527518e+00
1.534534534534534478e+00
1.541541541541541438e+00
1.548548548548548620e+00
1.555555555555555580e+00
1.562562562562562540e+00
1.569569569569569500e+00
1.576576576576576461e+00
1.583583583583583643e+00
1.590590590590590603e+00
1.597597597597597563e+00
1.604604604604604523e+00
1.611611611611611705e+00
1.618618618618618665e+00
1.625625625625625625e+00
1.632632632632632586e+00
1.639639639639639546e+00
1.646646646646646728e+00
1.653653653653653688e+00
1.660660660660660648e+00
1.667667667667667608e+00
1.674674674674674568e+00
1.681681681681681750e+00
1.688688688688688710e+00
1.695695695695695671e+00
1.702702702702702631e+00
1.709709709709709591e+00
1.716716716716716773e+00
1.723723723723723733e+00
1.730730730730730693e+00
1.737737737737737653e+00
1.744744744744744835e+00
1.751751751751751796e+00
1.758758758758758756e+00
1.765765765765765716e+00
1.772772772772772676e+00
1.779779779779779858e+00
1.786786786786786818e+00
1.793793793793793778e+00
1.800800800800800738e+00
1.807807807807807698e+00
1.814814814814814881e+00
1.821821821821821841e+00
1.828828828828828801e+00
1.835835835835835761e+00
1.842842842842842721e+00
1.849849849849849903e+00
1.856856856856856863e+00
1.863863863863863823e+00
1.870870870870870784e+00
1.877877877877877966e+00
1.884884884884884926e+00
1.891891891891891886e+00
1.898898898898898846e+00
1.905905905905905806e+00
1.912912912912912988e+00
1.919919919919919948e+00
1.926926926926926908e+00
1.933933933933933869e+00
1.940940940940940829e+00
1.947947947947948011e+00
1.954954954954954971e+00
1.961961961961961931e+00
1.968968968968968891e+00
1.975975975975975851e+00
1.982982982982983033e+00
1.989989989989989994e+00
1.996996996996996954e+00
2.004004004004003914e+00
2.011011011011011096e+00
2.018018018018017834e+00
2.025025025025025016e+00
2.032032032032032198e+00
2.039039039039038936e+00
2.046046046046046119e+00
2.053053053053052857e+00
2.060060060060060039e+00
2.067067067067067221e+00
2.074074074074073959e+00
2.081081081081081141e+00
2.088088088088087879e+00
2.095095095095095061e+00
2.102102102102102243e+00
2.109109109109108982e+00
2.116116116116116164e+00
2.123123123123122902e+00
2.130130130130130084e+00
2.137137137137137266e+00
2.144144144144144004e+00
2.151151151151151186e+00
2.158158158158157924e+00
2.165165165165165106e+00
2.172172172172172289e+00
2.179179179179179027e+00
2.186186186186186209e+00
2.193193193193193391e+00
2.200200200200200129e+00
2.207207207207207311e+00
2.214214214214214049e+00
2.221221221221221231e+00
2.228228228228228414e+00
2.235235235235235152e+00
2.242242242242242334e+00
2.249249249249249072e+00
2.256256256256256254e+00
2.263263263263263436e+00
2.270270270270270174e+00
2.277277277277277356e+00
2.284284284284284094e+00
2.291291291291291277e+00
2.298298298298298459e+00
2.305305305305305197e+00
2.312312312312312379e+00
2.319319319319319117e+00
2.326326326326326299e+00
2.333333333333333481e+00
2.340340340340340219e+00
2.347347347347347402e+00
2.354354354354354140e+00
2.361361361361361322e+00
2.368368368368368504e+00
2.375375375375375242e+00
2.382382382382382424e+00
2.389389389389389162e+00
2.396396396396396344e+00
2.403403403403403527e+00
2.410410410410410265e+00
2.417417417417417447e+00
2.424424424424424185e+00
2.431431431431431367e+00
2.438438438438438549e+00
2.445445445445445287e+00
2.452452452452452469e+00
2.459459459459459651e+00
2.466466466466466390e+00
2.473473473473473572e+00
2.480480480480480310e+00
2.487487487487487492e+00
2.494494494494494674e+00
2.501501501501501412e+00
2.508508508508508594e+00
2.515515515515515332e+00
2.522522522522522515e+00
2.529529529529529697e+00
2.536536536536536435e+00
2.543543543543543617e+00
2.550550550550550355e+00
2.557557557557557537e+00
2.564564564564564719e+00
2.571571571571571457e+00
2.578578578578578639e+00
2.585585585585585378e+00
2.592592592592592560e+00
2.599599599599599742e+00
2.606606606606606480e+00
2.613613613613613662e+00
2.620620620620620400e+00
2.627627627627627582e+00
2.634634634634634764e+00
2.641641641641641503e+00
2.648648648648648685e+00
2.655655655655655423e+00
2.662662662662662605e+00
2.669669669669669787e+00
2.676676676676676525e+00
2.683683683683683707e+00
2.690690690690690445e+00
2.697697697697697627e+00
2.704704704704704810e+00
2.711711711711711548e+00
2.718718718718718730e+00
2.725725725725725912e+00
2.732732732732732650e+00
2.739739739739739832e+00
2.746746746746746570e+00
2.753753753753753752e+00
2.760760760760760935e+00
2.767767767767767673e+00
2.774774774774774855e+00
2.781781781781781593e+00
2.788788788788788775e+00
2.795795795795795957e+00
2.802802802802802695e+00
2.809809809809809877e+00
2.816816816816816615e+00
2.823823823823823798e+00
2.830830830830830980e+00
2.837837837837837718e+00
2.844844844844844900e+00
2.851851851851851638e+00
2.858858858858858820e+00
2.865865865865866002e+00
2.872872872872872740e+00
2.879879879879879923e+00
2.886886886886886661e+00
2.893893893893893843e+00
2.900900900900901025e+00
2.907907907907907763e+00
2.914914914914914945e+00
2.921921921921921683e+00
2.928928928928928865e+00
2.935935935935936048e+00
2.942942942942942786e+00
2.949949949949949968e+00
2.956956956956957150e+00
2.963963963963963888e+00
2.970970970970971070e+00
2.977977977977977808e+00
2.984984984984984990e+00
2.991991991991992172e+00
2.998998998998998911e+00
3.006006006006006093e+00
3.013013013013012831e+00
3.020020020020020013e+00
3.027027027027027195e+00
3.034034034034033933e+00
3.041041041041041115e+00
3.048048048048047853e+00
3.055055055055055035e+00
3.062062062062062218e+00
3.069069069069068956e+00
3.076076076076076138e+00
3.083083083083082876e+00
3.090090090090090058e+00
3.097097097097097240e+00
3.104104104104103978e+00
3.111111111111111160e+00
3.118118118118117899e+00
3.125125125125125081e+00
3.132132132132132263e+00
3.139139139139139001e+00
3.146146146146146183e+00
3.153153153153152921e+00
3.160160160160160103e+00
3.167167167167167285e+00
3.174174174174174023e+00
3.181181181181181206e+00
3.188188188188187944e+00
3.195195195195195126e+00
3.202202202202202308e+00
3.209209209209209046e+00
3.216216216216216228e+00
3.223223223223223410e+00
3.230230230230230148e+00
3.237237237237237331e+00
3.244244244244244069e+00
3.251251251251251251e+00
3.258258258258258433e+00
3.265265265265265171e+00
3.272272272272272353e+00
3.279279279279279091e+00
3.286286286286286273e+00
3.293293293293293456e+00
3.300300300300300194e+00
3.307307307307307376e+00
3.314314314314314114e+00
3.321321321321321296e+00
3.328328328328328478e+00
3.335335335335335216e+00
3.342342342342342398e+00
3.349349349349349136e+00
3.356356356356356319e+00
3.363363363363363501e+00
3.370370370370370239e+00
3.377377377377377421e+00
3.384384384384384159e+00
3.391391391391391341e+00
3.398398398398398523e+00
3.405405405405405261e+00
3.412412412412412444e+00
3.419419419419419182e+00
3.426426426426426364e+00
3.433433433433433546e+00
3.440440440440440284e+00
3.447447447447447466e+00
3.454454454454454204e+00
3.461461461461461386e+00
3.468468468468468568e+00
3.475475475475475307e+00
3.482482482482482489e+00
3.489489489489489671e+00
3.496496496496496409e+00
3.503503503503503591e+00
3.510510510510510329e+00
3.517517517517517511e+00
3.524524524524524693e+00
3.531531531531531432e+00
3.538538538538538614e+00
3.545545545545545352e+00
3.552552552552552534e+00
3.559559559559559716e+00
3.566566566566566454e+00
3.573573573573573636e+00
3.580580580580580374e+00
3.587587587587587556e+00
3.594594594594594739e+00
3.601601601601601477e+00
3.608608608608608659e+00
3.615615615615615397e+00
3.622622622622622579e+00
3.629629629629629761e+00
3.636636636636636499e+00
3.643643643643643681e+00
3.650650650650650419e+00
3.657657657657657602e+00
3.664664664664664784e+00
3.671671671671671522e+00
3.678678678678678704e+00
3.685685685685685442e+00
3.692692692692692624e+00
3.699699699699699806e+00
3.706706706706706544e+00
3.713713713713713727e+00
3.720720720720720909e+00
3.727727727727727647e+00
3.734734734734734829e+00
3.741741741741741567e+00
3.748748748748748749e+00
3.755755755755755931e+00
3.762762762762762669e+00
3.769769769769769852e+00
3.776776776776776590e+00
3.783783783783783772e+00
3.790790790790790954e+00
3.797797797797797692e+00
3.804804804804804874e+00
3.811811811811811612e+00
3.818818818818818794e+00
3.825825825825825977e+00
3.832832832832832715e+00
3.839839839839839897e+00
3.846846846846846635e+00
3.853853853853853817e+00
3.860860860860860999e+00
3.867867867867867737e+00
3.874874874874874919e+00
3.881881881881881657e+00
3.888888888888888840e+00
3.895895895895896022e+00
3.902902902902902760e+00
3.909909909909909942e+00
3.916916916916916680e+00
3.923923923923923862e+00
3.930930930930931044e+00
3.937937937937937782e+00
3.944944944944944965e+00
3.951951951951951703e+00
3.958958958958958885e+00
3.965965965965966067e+00
3.972972972972972805e+00
3.979979979979979987e+00
3.986986986986987169e+00
3.993993993993993907e+00
4.001001001001000645e+00
4.008008008008007828e+00
4.015015015015015010e+00
4.022022022022022192e+00
4.029029029029029374e+00
4.036036036036035668e+00
4.043043043043042850e+00
4.050050050050050032e+00
4.057057057057057214e+00
4.064064064064064397e+00
4.071071071071070691e+00
4.078078078078077873e+00
4.085085085085085055e+00
4.092092092092092237e+00
4.099099099099099419e+00
4.106106106106105713e+00
4.113113113113112895e+00
4.120120120120120077e+00
4.127127127127127260e+00
4.134134134134134442e+00
4.141141141141140736e+00
4.148148148148147918e+00
4.155155155155155100e+00
4.162162162162162282e+00
4.169169169169169464e+00
4.176176176176175758e+00
4.183183183183182940e+00
4.190190190190190123e+00
4.197197197197197305e+00
4.204204204204204487e+00
4.211211211211210781e+00
4.218218218218217963e+00
4.225225225225225145e+00
4.232232232232232327e+00
4.239239239239239510e+00
4.246246246246245803e+00
4.253253253253252986e+00
4.260260260260260168e+00
4.267267267267267350e+00
4.274274274274274532e+00
4.281281281281280826e+00
4.288288288288288008e+00
4.295295295295295190e+00
4.302302302302302373e+00
4.309309309309309555e+00
4.316316316316315849e+00
4.323323323323323031e+00
4.330330330330330213e+00
4.337337337337337395e+00
4.344344344344344577e+00
4.351351351351350871e+00
4.358358358358358053e+00
4.365365365365365236e+00
4.372372372372372418e+00
4.379379379379379600e+00
4.386386386386386782e+00
4.393393393393393076e+00
4.400400400400400258e+00
4.407407407407407440e+00
4.414414414414414622e+00
4.421421421421421805e+00
4.428428428428428099e+00
4.435435435435435281e+00
4.442442442442442463e+00
4.449449449449449645e+00
4.456456456456456827e+00
4.463463463463463121e+00
4.470470470470470303e+00
4.477477477477477485e+00
4.484484484484484668e+00
4.491491491491491850e+00
4.498498498498498144e+00
4.505505505505505326e+00
4.512512512512512508e+00
4.519519519519519690e+00
4.526526526526526872e+00
4.533533533533533166e+00
4.540540540540540349e+00
4.547547547547547531e+00
4.554554554554554713e+00
4.561561561561561895e+00
4.568568568568568189e+00
4.575575575575575371e+00
4.582582582582582553e+00
4.589589589589589735e+00
4.596596596596596918e+00
4.603603603603603212e+00
4.610610610610610394e+00
4.617617617617617576e+00
4.624624624624624758e+00
4.631631631631631940e+00
4.638638638638638234e+00
4.645645645645645416e+00
4.652652652652652598e+00
4.659659659659659781e+00
4.666666666666666963e+00
4.673673673673673257e+00
4.680680680680680439e+00
4.687687687687687621e+00
4.694694694694694803e+00
4.701701701701701985e+00
4.708708708708708279e+00
4.715715715715715461e+00
4.722722722722722644e+00
4.729729729729729826e+00
4.736736736736737008e+00
4.743743743743743302e+00
4.750750750750750484e+00
4.757757757757757666e+00
4.764764764764764848e+00
4.771771771771772030e+00
4.778778778778778324e+00
4.785785785785785507e+00
4.792792792792792689e+00
4.799799799799799871e+00
4.806806806806807053e+00
4.813813813813813347e+00
4.820820820820820529e+00
4.827827827827827711e+00
4.834834834834834894e+00
4.841841841841842076e+00
4.848848848848848370e+00
4.855855855855855552e+00
4.862862862862862734e+00
4.869869869869869916e+00
4.876876876876877098e+00
4.883883883883884280e+00
4.890890890890890574e+00
4.897897897897897757e+00
4.904904904904904939e+00
4.911911911911912121e+00
4.918918918918919303e+00
4.925925925925925597e+00
4.932932932932932779e+00
4.939939939939939961e+00
4.946946946946947143e+00
4.953953953953954326e+00
4.960960960960960620e+00
4.967967967967967802e+00
4.974974974974974984e+00
4.981981981981982166e+00
4.988988988988989348e+00
4.995995995995995642e+00
5.003003003003002824e+00
5.010010010010010006e+00
5.017017017017017189e+00
5.024024024024024371e+00
5.031031031031030665e+00
5.038038038038037847e+00
5.045045045045045029e+00
5.052052052052052211e+00
5.059059059059059393e+00
5.066066066066065687e+00
5.073073073073072869e+00
5.080080080080080052e+00
5.087087087087087234e+00
5.094094094094094416e+00
5.101101101101100710e+00
5.108108108108107892e+00
5.115115115115115074e+00
5.122122122122122256e+00
5.129129129129129439e+00
5.136136136136135732e+00
5.143143143143142915e+00
5.150150150150150097e+00
5.157157157157157279e+00
5.164164164164164461e+00
5.171171171171170755e+00
5.178178178178177937e+00
5.185185185185185119e+00
5.192192192192192302e+00
5.199199199199199484e+00
5.206206206206205778e+00
5.213213213213212960e+00
5.220220220220220142e+00
5.227227227227227324e+00
5.234234234234234506e+00
5.241241241241240800e+00
5.248248248248247982e+00
5.255255255255255165e+00
5.262262262262262347e+00
5.269269269269269529e+00
5.276276276276275823e+00
5.283283283283283005e+00
5.290290290290290187e+00
5.297297297297297369e+00
5.304304304304304551e+00
5.311311311311310845e+00
5.318318318318318028e+00
5.325325325325325210e+00
5.332332332332332392e+00
5.339339339339339574e+00
5.346346346346345868e+00
5.353353353353353050e+00
5.360360360360360232e+00
5.367367367367367414e+00
5.374374374374374597e+00
5.381381381381380891e+00
5.388388388388388073e+00
5.395395395395395255e+00
5.402402402402402437e+00
5.409409409409409619e+00
5.416416416416416801e+00
5.423423423423423095e+00
5.430430430430430278e+00
5.437437437437437460e+00
5.444444444444444642e+00
5.451451451451451824e+00
5.458458458458458118e+00
5.465465465465465300e+00
5.472472472472472482e+00
5.479479479479479664e+00
5.486486486486486847e+00
5.493493493493493141e+00
5.500500500500500323e+00
5.507507507507507505e+00
5.514514514514514687e+00
5.521521521521521869e+00
5.528528528528528163e+00
5.535535535535535345e+00
5.542542542542542527e+00
5.549549549549549710e+00
5.556556556556556892e+00
5.563563563563563186e+00
5.570570570570570368e+00
5.577577577577577550e+00
5.584584584584584732e+00
5.591591591591591914e+00
5.598598598598598208e+00
5.605605605605605390e+00
5.612612612612612573e+00
5.619619619619619755e+00
5.626626626626626937e+00
5.633633633633633231e+00
5.640640640640640413e+00
5.647647647647647595e+00
5.654654654654654777e+00
5.661661661661661959e+00
5.668668668668668253e+00
5.675675675675675436e+00
5.682682682682682618e+00
5.689689689689689800e+00
5.696696696696696982e+00
5.703703703703703276e+00
5.710710710710710458e+00
5.717717717717717640e+00
5.724724724724724823e+00
5.731731731731732005e+00
5.738738738738738299e+00
5.745745745745745481e+00
5.752752752752752663e+00
5.759759759759759845e+00
5.766766766766767027e+00
5.773773773773773321e+00
5.780780780780780503e+00
5.787787787787787686e+00
5.794794794794794868e+00
5.801801801801802050e+00
5.808808808808808344e+00
5.815815815815815526e+00
5.822822822822822708e+00
5.829829829829829890e+00
5.836836836836837072e+00
5.843843843843843366e+00
5.850850850850850549e+00
5.857857857857857731e+00
5.864864864864864913e+00
5.871871871871872095e+00
5.878878878878878389e+00
5.885885885885885571e+00
5.892892892892892753e+00
5.899899899899899935e+00
5.906906906906907118e+00
5.913913913913914300e+00
5.920920920920920594e+00
5.927927927927927776e+00
5.934934934934934958e+00
5.941941941941942140e+00
5.948948948948949322e+00
5.955955955955955616e+00
5.962962962962962798e+00
5.969969969969969981e+00
5.976976976976977163e+00
5.983983983983984345e+00
5.990990990990990639e+00
5.997997997997997821e+00
6.005005005005005003e+00
6.012012012012012185e+00
6.019019019019019368e+00
6.026026026026025662e+00
6.033033033033032844e+00
6.040040040040040026e+00
6.047047047047047208e+00
6.054054054054054390e+00
6.061061061061060684e+00
6.068068068068067866e+00
6.075075075075075048e+00
6.082082082082082231e+00
6.089089089089089413e+00
6.096096096096095707e+00
6.103103103103102889e+00
6.110110110110110071e+00
6.117117117117117253e+00
6.124124124124124435e+00
6.131131131131130729e+00
6.138138138138137911e+00
6.145145145145145094e+00
6.152152152152152276e+00
6.159159159159159458e+00
6.166166166166165752e+00
6.173173173173172934e+00
6.180180180180180116e+00
6.187187187187187298e+00
6.194194194194194480e+00
6.201201201201200774e+00
6.208208208208207957e+00
6.215215215215215139e+00
6.222222222222222321e+00
6.229229229229229503e+00
6.236236236236235797e+00
6.243243243243242979e+00
6.250250250250250161e+00
6.257257257257257343e+00
6.264264264264264526e+00
6.271271271271270820e+00
6.278278278278278002e+00
6.285285285285285184e+00
6.292292292292292366e+00
6.299299299299299548e+00
6.306306306306305842e+00
6.313313313313313024e+00
6.320320320320320207e+00
6.327327327327327389e+00
6.334334334334334571e+00
6.341341341341340865e+00
6.348348348348348047e+00
6.355355355355355229e+00
6.362362362362362411e+00
6.369369369369369593e+00
6.376376376376375887e+00
6.383383383383383070e+00
6.390390390390390252e+00
6.397397397397397434e+00
6.404404404404404616e+00
6.411411411411411798e+00
6.418418418418418092e+00
6.425425425425425274e+00
6.432432432432432456e+00
6.439439439439439639e+00
6.446446446446446821e+00
6.453453453453453115e+00
6.460460460460460297e+00
6.467467467467467479e+00
6.474474474474474661e+00
6.481481481481481843e+00
6.488488488488488137e+00
6.495495495495495319e+00
6.502502502502502502e+00
6.509509509509509684e+00
6.516516516516516866e+00
6.523523523523523160e+00
6.530530530530530342e+00
6.537537537537537524e+00
6.544544544544544706e+00
6.551551551551551889e+00
6.558558558558558182e+00
6.565565565565565365e+00
6.572572572572572547e+00
6.579579579579579729e+00
6.586586586586586911e+00
6.593593593593593205e+00
6.600600600600600387e+00
6.607607607607607569e+00
6.614614614614614752e+00
6.621621621621621934e+00
6.628628628628628228e+00
6.635635635635635410e+00
6.642642642642642592e+00
6.649649649649649774e+00
6.656656656656656956e+00
6.663663663663663250e+00
6.670670670670670432e+00
6.677677677677677615e+00
6.684684684684684797e+00
6.691691691691691979e+00
6.698698698698698273e+00
6.705705705705705455e+00
6.712712712712712637e+00
6.719719719719719819e+00
6.726726726726727001e+00
6.733733733733733295e+00
6.740740740740740478e+00
6.747747747747747660e+00
6.754754754754754842e+00
6.761761761761762024e+00
6.768768768768768318e+00
6.775775775775775500e+00
6.782782782782782682e+00
6.789789789789789864e+00
6.796796796796797047e+00
6.803803803803803341e+00
6.810810810810810523e+00
6.817817817817817705e+00
6.824824824824824887e+00
6.831831831831832069e+00
6.838838838838838363e+00
6.845845845845845545e+00
6.852852852852852727e+00
6.859859859859859910e+00
6.866866866866867092e+00
6.873873873873873386e+00
6.880880880880880568e+00
6.887887887887887750e+00
6.894894894894894932e+00
6.901901901901902114e+00
6.908908908908908408e+00
6.915915915915915591e+00
6.922922922922922773e+00
6.929929929929929955e+00
6.936936936936937137e+00
6.943943943943944319e+00
6.950950950950950613e+00
6.957957957957957795e+00
6.964964964964964977e+00
6.971971971971972160e+00
6.978978978978979342e+00
6.985985985985985636e+00
6.992992992992992818e+00
7.000000000000000000e+00
