# bin_1
0.000000000000000000e+00
3.228049062680423131e-01
0.000000000000000000e+00
4.658439437853842402e-01
1.122839281178217297e+00
3.152918570212869920e+00
0.000000000000000000e+00
2.805938649694053932e+00
3.573197969262417395e+00
2.899437904549267309e+00
1.496663153498969834e+00
2.654017749379883884e-01
4.110479259038461730e-02
9.247033390482392937e-03
4.767278719188538377e-03
8.996073748557875671e-03
3.910361759630486336e-03
3.410547607697911408e-03
2.349634688401036446e-03
4.442377261869392448e-03
3.036618835296983100e-03
5.318819508581137945e-03
2.480003848006861935e-03
2.301480738978722677e-03
2.333246349613079130e-03
4.934804588905859074e-03
7.498142234217293305e-03
4.393161314892748623e-03
6.470922743489227261e-03
6.312338025458583829e-03
5.820223827363294432e-03
4.192507912281337110e-03
3.150180893314623049e-03
1.204324087927272991e-03
9.359820171425201757e-04
4.722569188106845992e-04
1.225126412991837011e-04
3.036973463113008679e-07
4.527165412536881073e-07
