# bin_2
0.000000000000000000e+00
3.896173794751256469e-02
0.000000000000000000e+00
4.026371422890082791e-02
3.163945519076456075e-02
3.774148938154065630e-02
0.000000000000000000e+00
6.796222757203045084e-02
1.719368464506606797e-01
7.040285977918259164e-01
2.331731341040077954e+00
2.813451299637180991e+00
2.700616266526052911e+00
2.368350298835248058e+00
1.422111904199879984e+00
6.768281046330332229e-01
7.501992274647796555e-02
2.816942636384096865e-02
5.295023640368607364e-03
7.209938364074057297e-03
9.011627432039832214e-03
2.949321113141271586e-02
3.380528571027768825e-02
2.972414090193906816e-02
1.671574349588957759e-02
1.116255084290050659e-02
4.272148034331872332e-03
1.562153108733982474e-03
2.499640538901902291e-03
2.463863922092931688e-03
2.044140742663777110e-03
1.135251075998336412e-03
2.940233226491910292e-04
1.272270834585545408e-04
1.802848916718868637e-04
2.907479985739447781e-04
4.488414874886261885e-04
3.211127278238363266e-04
4.989569425714334051e-05
