# bin_4
0.000000000000000000e+00
2.324876974630325777e-02
0.000000000000000000e+00
9.787487942565327101e-03
1.139793179722034706e-02
1.597364937658401693e-02
0.000000000000000000e+00
1.082115512757555326e-02
1.298095703152895956e-02
1.568352920194361622e-02
2.562544083434440192e-02
3.196353224817401889e-02
4.625075971956543741e-02
6.600573897787666289e-02
1.115429928823467448e-01
6.904895907745299821e-01
8.938165955032333354e-01
1.155744551143071952e+00
1.602501355139990258e+00
2.880038270267640144e+00
9.057455952405432109e-01
8.028105880975924258e-01
2.768123639710681760e-01
1.437419421536242359e-01
8.742317823500000973e-02
6.365525010367495407e-02
4.199837463159381001e-02
1.778322085266580491e-02
1.594554115486200574e-02
7.821824498572041082e-03
2.207704819703905450e-03
7.486911580037258849e-04
1.917300793996595993e-04
4.850196340962822624e-05
6.561313289410866461e-05
7.547478084651776462e-05
1.338227194509552663e-04
6.359657129558136360e-05
4.916962292345668922e-04
