# bin_3
0.000000000000000000e+00
1.603722253546070037e-02
0.000000000000000000e+00
8.263163215880674900e-03
8.443148774625175781e-03
1.102409126279165798e-02
0.000000000000000000e+00
1.283853982265472510e-02
1.763159215187091317e-02
4.310019487901457086e-02
8.224017539541252086e-02
1.471534668043728844e-01
3.650238156417268676e-01
8.145990875108879425e-01
1.552121095674701579e+00
3.770049803775078701e+00
1.670502355682362383e+00
1.143415809550483608e+00
4.559253542831501749e-01
3.295122558307003735e-01
1.411054589194380149e-01
2.900418864115335560e-01
2.422448203602616812e-01
1.480934434580976899e-01
7.394203023108177064e-02
3.798317077029323557e-02
1.524706261275714930e-02
5.021604324236512464e-03
6.752998723610481938e-03
5.195101520186857710e-03
2.797892457899375275e-03
1.051306228809762702e-03
1.851593295907516708e-04
6.358128028412831766e-05
8.628776726704671376e-05
1.295168044016965499e-04
1.801558657452305087e-04
1.535824080382374563e-04
2.846486722123516759e-04
