# z
0.000000000000000000e+00
5.059999999999999915e-02
1.023000000000000020e-01
1.552999999999999936e-01
2.096999999999999975e-01
2.656999999999999917e-01
3.232999999999999763e-01
3.826999999999999846e-01
4.441999999999999837e-01
5.078000000000000291e-01
5.738999999999999657e-01
6.424999999999999600e-01
7.139999999999999680e-01
7.884999999999999787e-01
8.663999999999999480e-01
9.478999999999999648e-01
1.033400000000000096e+00
1.123299999999999965e+00
1.217899999999999983e+00
1.317600000000000104e+00
1.423000000000000043e+00
1.534499999999999975e+00
1.652800000000000047e+00
1.778399999999999981e+00
1.912099999999999911e+00
2.054800000000000182e+00
2.207199999999999829e+00
2.370400000000000063e+00
2.545500000000000096e+00
2.733800000000000008e+00
2.936700000000000088e+00
3.155899999999999928e+00
3.393200000000000216e+00
3.650700000000000056e+00
3.930899999999999839e+00
4.236699999999999910e+00
4.571200000000000152e+00
4.938200000000000145e+00
5.342299999999999827e+00
