# a
1.000000000000000000e+00
9.900990099009900902e-01
9.803921568627450567e-01
9.708737864077670032e-01
9.615384615384614531e-01
9.523809523809523281e-01
9.433962264150942412e-01
9.345794392523364413e-01
9.259259259259258190e-01
9.174311926605503986e-01
9.090909090909090606e-01
9.009009009009008029e-01
8.928571428571427937e-01
8.849557522123894238e-01
8.771929824561403022e-01
8.695652173913044347e-01
8.620689655172414367e-01
8.547008547008547730e-01
8.474576271186441412e-01
8.403361344537815247e-01
8.333333333333333703e-01
8.264462809917355601e-01
8.196721311475410054e-01
8.130081300813007950e-01
8.064516129032258673e-01
8.000000000000000444e-01
7.936507936507936067e-01
7.874015748031495399e-01
7.812500000000000000e-01
7.751937984496123368e-01
7.692307692307691624e-01
7.633587786259541375e-01
7.575757575757575690e-01
7.518796992481202590e-01
7.462686567164178442e-01
7.407407407407406996e-01
7.352941176470588758e-01
7.299270072992700698e-01
7.246376811594203993e-01
7.194244604316546443e-01
7.142857142857143016e-01
7.092198581560282822e-01
7.042253521126761173e-01
6.993006993006993799e-01
6.944444444444444198e-01
6.896551724137931494e-01
6.849315068493150305e-01
6.802721088435373931e-01
6.756756756756756577e-01
6.711409395973154668e-01
6.666666666666666297e-01
6.622516556291391243e-01
6.578947368421053099e-01
6.535947712418300748e-01
6.493506493506493449e-01
6.451612903225806273e-01
6.410256410256409687e-01
6.369426751592356384e-01
6.329113924050632223e-01
6.289308176100629755e-01
6.250000000000000000e-01
6.211180124223603105e-01
6.172839506172839164e-01
6.134969325153374342e-01
6.097560975609755962e-01
6.060606060606060774e-01
6.024096385542168086e-01
5.988023952095808955e-01
5.952380952380952328e-01
5.917159763313609711e-01
5.882352941176469674e-01
5.847953216374268681e-01
5.813953488372093359e-01
5.780346820809248998e-01
5.747126436781608838e-01
5.714285714285713969e-01
5.681818181818182323e-01
5.649717514124293904e-01
5.617977528089888040e-01
5.586592178770949380e-01
5.555555555555555802e-01
5.524861878453038999e-01
5.494505494505493859e-01
5.464480874316939296e-01
5.434782608695652995e-01
5.405405405405404595e-01
5.376344086021506152e-01
5.347593582887699704e-01
5.319148936170212671e-01
5.291005291005290712e-01
5.263157894736841813e-01
5.235602094240837667e-01
5.208333333333333703e-01
5.181347150259066892e-01
5.154639175257732520e-01
5.128205128205127750e-01
5.102040816326530726e-01
5.076142131979695105e-01
5.050505050505050830e-01
5.025125628140703071e-01
5.000000000000000000e-01
4.975124378109453405e-01
4.950495049504950451e-01
4.926108374384235988e-01
4.901960784313725283e-01
4.878048780487805325e-01
4.854368932038835016e-01
4.830917874396134515e-01
4.807692307692307265e-01
4.784688995215311547e-01
4.761904761904761640e-01
4.739336492890994790e-01
4.716981132075471206e-01
4.694835680751173745e-01
4.672897196261682207e-01
4.651162790697673799e-01
4.629629629629629095e-01
4.608294930875576068e-01
4.587155963302753103e-01
4.566210045662100758e-01
4.545454545454545303e-01
4.524886877828054321e-01
4.504504504504505125e-01
4.484304932735426186e-01
4.464285714285713969e-01
4.444444444444444198e-01
4.424778761061947119e-01
4.405286343612334621e-01
4.385964912280701511e-01
4.366812227074235997e-01
4.347826086956522174e-01
4.329004329004328966e-01
4.310344827586206629e-01
4.291845493562231884e-01
4.273504273504273865e-01
4.255319148936170248e-01
4.237288135593219596e-01
4.219409282700421482e-01
4.201680672268907624e-01
4.184100418410041655e-01
4.166666666666666297e-01
4.149377593360995542e-01
4.132231404958677801e-01
4.115226337448560368e-01
4.098360655737705027e-01
4.081632653061224025e-01
4.065040650406503975e-01
4.048582995951417463e-01
4.032258064516129337e-01
4.016064257028111872e-01
4.000000000000000222e-01
3.984063745019920666e-01
3.968253968253968034e-01
3.952569169960473694e-01
3.937007874015747699e-01
3.921568627450980893e-01
3.906250000000000000e-01
3.891050583657587048e-01
3.875968992248061684e-01
3.861003861003861060e-01
3.846153846153845812e-01
3.831417624521072374e-01
3.816793893129770687e-01
3.802281368821293084e-01
3.787878787878787845e-01
3.773584905660377076e-01
3.759398496240601295e-01
3.745318352059925360e-01
3.731343283582089776e-01
3.717472118959108118e-01
3.703703703703703498e-01
3.690036900369003670e-01
3.676470588235294379e-01
3.663003663003662758e-01
3.649635036496350349e-01
3.636363636363636465e-01
3.623188405797101996e-01
3.610108303249097705e-01
3.597122302158273222e-01
3.584229390681003546e-01
3.571428571428571508e-01
3.558718861209964612e-01
3.546099290780141411e-01
3.533568904593639703e-01
3.521126760563380587e-01
3.508771929824561209e-01
3.496503496503496344e-01
3.484320557491288883e-01
3.472222222222222099e-01
3.460207612456747128e-01
3.448275862068965192e-01
3.436426116838487976e-01
3.424657534246575152e-01
3.412969283276450772e-01
3.401360544217686965e-01
3.389830508474576121e-01
3.378378378378378288e-01
3.367003367003367220e-01
3.355704697986577334e-01
3.344481605351170561e-01
3.333333333333333148e-01
3.322259136212624142e-01
3.311258278145695622e-01
3.300330033003300301e-01
3.289473684210526550e-01
3.278688524590164244e-01
3.267973856209150374e-01
3.257328990228013366e-01
3.246753246753246724e-01
3.236245954692557047e-01
3.225806451612903136e-01
3.215434083601286241e-01
3.205128205128204844e-01
3.194888178913737886e-01
3.184713375796178192e-01
3.174603174603174427e-01
3.164556962025316111e-01
3.154574132492113381e-01
3.144654088050314322e-01
3.134796238244514366e-01
3.125000000000000000e-01
3.115264797507787953e-01
3.105590062111800997e-01
3.095975232198142635e-01
3.086419753086419582e-01
3.076923076923077094e-01
3.067484662576687171e-01
3.058103975535167995e-01
3.048780487804877981e-01
3.039513677811550019e-01
3.030303030303029832e-01
3.021148036253776259e-01
3.012048192771084598e-01
3.003003003003003046e-01
2.994011976047904477e-01
2.985074626865671377e-01
2.976190476190476164e-01
2.967359050445103619e-01
2.958579881656804855e-01
2.949852507374631227e-01
2.941176470588235392e-01
2.932551319648093457e-01
2.923976608187134341e-01
2.915451895043731367e-01
2.906976744186046679e-01
2.898550724637681264e-01
2.890173410404624499e-01
2.881844380403458250e-01
2.873563218390804419e-01
2.865329512893982633e-01
2.857142857142856984e-01
2.849002849002849058e-01
2.840909090909091161e-01
2.832861189801699764e-01
2.824858757062146952e-01
2.816901408450703803e-01
2.808988764044944020e-01
2.801120448179271749e-01
2.793296089385474690e-01
2.785515320334261968e-01
2.777777777777777901e-01
2.770083102493074989e-01
2.762430939226519500e-01
2.754820936639118534e-01
2.747252747252746929e-01
2.739726027397260122e-01
2.732240437158469648e-01
2.724795640326975743e-01
2.717391304347825942e-01
2.710027100271003020e-01
2.702702702702702298e-01
2.695417789757412197e-01
2.688172043010752521e-01
2.680965147453083230e-01
2.673796791443849852e-01
2.666666666666666630e-01
2.659574468085106336e-01
2.652519893899204506e-01
2.645502645502645356e-01
2.638522427440633256e-01
2.631578947368420907e-01
2.624671916010498651e-01
2.617801047120418834e-01
2.610966057441252985e-01
2.604166666666666852e-01
2.597402597402597157e-01
2.590673575129534001e-01
2.583979328165374456e-01
2.577319587628866260e-01
2.570694087403598838e-01
2.564102564102564430e-01
2.557544757033248239e-01
2.551020408163265363e-01
2.544529262086513977e-01
2.538071065989847552e-01
2.531645569620252778e-01
2.525252525252525415e-01
2.518891687657430767e-01
2.512562814070351536e-01
2.506265664160400863e-01
2.500000000000000000e-01
2.493765586034912829e-01
2.487562189054726702e-01
2.481389578163771537e-01
2.475247524752475226e-01
2.469135802469135388e-01
2.463054187192117994e-01
2.457002457002456786e-01
2.450980392156862642e-01
2.444987775061124857e-01
2.439024390243902662e-01
2.433090024330900603e-01
2.427184466019417508e-01
2.421307506053268777e-01
2.415458937198067257e-01
2.409638554216867179e-01
2.403846153846153633e-01
2.398081534772182333e-01
2.392344497607655773e-01
2.386634844868735505e-01
2.380952380952380820e-01
2.375296912114014392e-01
2.369668246445497395e-01
2.364066193853427700e-01
2.358490566037735603e-01
2.352941176470588203e-01
2.347417840375586873e-01
2.341920374707260055e-01
2.336448598130841103e-01
2.331002331002330896e-01
2.325581395348836899e-01
2.320185614849187561e-01
2.314814814814814548e-01
2.309468822170900604e-01
2.304147465437788034e-01
2.298850574712643924e-01
2.293577981651376552e-01
2.288329519450800764e-01
2.283105022831050379e-01
2.277904328018222901e-01
2.272727272727272652e-01
2.267573696145124551e-01
2.262443438914027161e-01
2.257336343115124433e-01
2.252252252252252562e-01
2.247191011235954994e-01
2.242152466367713093e-01
2.237136465324384427e-01
2.232142857142856984e-01
2.227171492204899628e-01
2.222222222222222099e-01
2.217294900221729592e-01
2.212389380530973559e-01
2.207505518763796803e-01
2.202643171806167310e-01
2.197802197802197488e-01
2.192982456140350755e-01
2.188183807439824935e-01
2.183406113537117998e-01
2.178649237472767008e-01
2.173913043478261087e-01
2.169197396963123969e-01
2.164502164502164483e-01
2.159827213822894110e-01
2.155172413793103314e-01
2.150537634408601906e-01
2.145922746781115942e-01
2.141327623126338398e-01
2.136752136752136932e-01
2.132196162046908483e-01
2.127659574468085124e-01
2.123142250530785646e-01
2.118644067796609798e-01
2.114164904862579075e-01
2.109704641350210741e-01
2.105263157894736725e-01
2.100840336134453812e-01
2.096436058700209826e-01
2.092050209205020828e-01
2.087682672233820425e-01
2.083333333333333148e-01
2.079002079002078840e-01
2.074688796680497771e-01
2.070393374741200665e-01
2.066115702479338900e-01
2.061855670103092952e-01
2.057613168724280184e-01
2.053388090349075878e-01
2.049180327868852514e-01
2.044989775051124503e-01
2.040816326530612013e-01
2.036659877800407192e-01
2.032520325203251987e-01
2.028397565922921142e-01
2.024291497975708731e-01
2.020202020202020166e-01
2.016129032258064668e-01
2.012072434607645732e-01
2.008032128514055936e-01
2.004008016032063910e-01
2.000000000000000111e-01
1.996007984031936133e-01
1.992031872509960055e-01
1.988071570576540603e-01
1.984126984126984017e-01
1.980198019801980291e-01
1.976284584980236847e-01
1.972386587771202959e-01
1.968503937007873850e-01
1.964636542239685812e-01
1.960784313725490446e-01
1.956947162426614373e-01
1.953125000000000000e-01
1.949317738791423171e-01
1.945525291828793801e-01
1.941747572815533951e-01
1.937984496124030842e-01
1.934235976789168421e-01
1.930501930501930530e-01
1.926782273603082629e-01
1.923076923076922906e-01
1.919385796545105549e-01
1.915708812260536464e-01
1.912045889101338381e-01
1.908396946564885344e-01
1.904761904761904656e-01
1.901140684410646542e-01
1.897533206831119312e-01
1.893939393939393923e-01
1.890359168241965981e-01
1.886792452830188815e-01
1.883239171374764542e-01
1.879699248120300648e-01
1.876172607879924847e-01
1.872659176029962680e-01
1.869158878504672827e-01
1.865671641791044610e-01
1.862197392923649886e-01
1.858736059479554059e-01
1.855287569573284001e-01
1.851851851851851749e-01
1.848428835489833721e-01
1.845018450184501835e-01
1.841620626151012907e-01
1.838235294117646912e-01
1.834862385321100742e-01
1.831501831501831379e-01
1.828153564899451522e-01
1.824817518248175174e-01
1.821493624772313191e-01
1.818181818181818232e-01
1.814882032667876621e-01
1.811594202898550443e-01
1.808318264014466548e-01
1.805054151624548853e-01
1.801801801801801994e-01
1.798561151079136611e-01
1.795332136445242366e-01
1.792114695340501773e-01
1.788908765652951760e-01
1.785714285714285476e-01
1.782531194295900179e-01
1.779359430604982306e-01
1.776198934280639463e-01
1.773049645390070983e-01
1.769911504424778736e-01
1.766784452296819852e-01
1.763668430335096904e-01
1.760563380281690293e-01
1.757469244288224763e-01
1.754385964912280604e-01
1.751313485113835389e-01
1.748251748251748450e-01
1.745200698080279222e-01
1.742160278745644442e-01
1.739130434782608647e-01
1.736111111111111049e-01
1.733102253032928752e-01
1.730103806228373564e-01
1.727115716753022390e-01
1.724137931034482873e-01
1.721170395869190961e-01
1.718213058419243988e-01
1.715265866209262358e-01
1.712328767123287576e-01
1.709401709401709157e-01
1.706484641638225108e-01
1.703577512776831282e-01
1.700680272108843483e-01
1.697792869269949267e-01
1.694915254237288060e-01
1.692047377326565127e-01
1.689189189189189144e-01
1.686340640809443625e-01
1.683501683501683333e-01
1.680672268907562883e-01
1.677852348993288667e-01
1.675041876046901301e-01
1.672240802675585281e-01
1.669449081803004997e-01
1.666666666666666574e-01
1.663893510815308008e-01
1.661129568106312071e-01
1.658374792703150857e-01
1.655629139072847811e-01
1.652892561983471120e-01
1.650165016501650150e-01
1.647446457990115187e-01
1.644736842105263275e-01
1.642036124794745422e-01
1.639344262295081844e-01
1.636661211129296079e-01
1.633986928104575187e-01
1.631321370309951058e-01
1.628664495114006683e-01
1.626016260162601590e-01
1.623376623376623362e-01
1.620745542949756923e-01
1.618122977346278524e-01
1.615508885298869157e-01
1.612903225806451568e-01
1.610305958132045023e-01
1.607717041800643121e-01
1.605136436597110750e-01
1.602564102564102422e-01
1.600000000000000033e-01
1.597444089456868943e-01
1.594896331738436812e-01
1.592356687898089096e-01
1.589825119236883966e-01
1.587301587301587213e-01
1.584786053882725754e-01
1.582278481012658056e-01
1.579778830963665115e-01
1.577287066246056690e-01
1.574803149606299191e-01
1.572327044025157161e-01
1.569858712715855587e-01
1.567398119122257183e-01
1.564945226917058008e-01
1.562500000000000000e-01
1.560062402496099898e-01
1.557632398753893976e-01
1.555209953343701379e-01
1.552795031055900499e-01
1.550387596899224785e-01
1.547987616099071317e-01
1.545595054095826870e-01
1.543209876543209791e-01
1.540832049306625484e-01
1.538461538461538547e-01
1.536098310291858782e-01
1.533742331288343586e-01
1.531393568147013662e-01
1.529051987767583998e-01
1.526717557251908441e-01
1.524390243902438991e-01
1.522070015220700068e-01
1.519756838905775009e-01
1.517450682852807264e-01
1.515151515151514916e-01
1.512859304084719914e-01
1.510574018126888129e-01
1.508295625942684681e-01
1.506024096385542299e-01
1.503759398496240518e-01
1.501501501501501523e-01
1.499250374812593767e-01
1.497005988023952239e-01
1.494768310911808451e-01
1.492537313432835688e-01
1.490312965722801752e-01
1.488095238095238082e-01
1.485884101040118865e-01
1.483679525222551809e-01
1.481481481481481399e-01
1.479289940828402428e-01
1.477104874446085458e-01
1.474926253687315614e-01
1.472754050073637744e-01
1.470588235294117696e-01
1.468428781204111355e-01
1.466275659824046729e-01
1.464128843338213803e-01
1.461988304093567170e-01
1.459854014598540028e-01
1.457725947521865684e-01
1.455604075691411814e-01
1.453488372093023340e-01
1.451378809869375841e-01
1.449275362318840632e-01
1.447178002894355942e-01
1.445086705202312249e-01
1.443001443001443174e-01
1.440922190201729125e-01
1.438848920863309289e-01
1.436781609195402210e-01
1.434720229555236648e-01
1.432664756446991317e-01
1.430615164520743776e-01
1.428571428571428492e-01
1.426533523537803216e-01
1.424501424501424529e-01
1.422475106685632817e-01
1.420454545454545581e-01
1.418439716312056842e-01
1.416430594900849882e-01
1.414427157001414415e-01
1.412429378531073476e-01
1.410437235543018364e-01
1.408450704225351902e-01
1.406469760900140586e-01
1.404494382022472010e-01
1.402524544179523103e-01
1.400560224089635875e-01
1.398601398601398427e-01
1.396648044692737345e-01
1.394700139470013978e-01
1.392757660167130984e-01
1.390820584144645267e-01
1.388888888888888951e-01
1.386962552011095640e-01
1.385041551246537495e-01
1.383125864453665088e-01
1.381215469613259750e-01
1.379310344827586188e-01
1.377410468319559267e-01
1.375515818431911896e-01
1.373626373626373465e-01
1.371742112482853271e-01
1.369863013698630061e-01
1.367989056087551281e-01
1.366120218579234824e-01
1.364256480218281053e-01
1.362397820163487872e-01
1.360544217687074675e-01
1.358695652173912971e-01
1.356852103120759767e-01
1.355013550135501510e-01
1.353179972936400521e-01
1.351351351351351149e-01
1.349527665317138969e-01
1.347708894878706098e-01
1.345895020188425384e-01
1.344086021505376261e-01
1.342281879194630878e-01
1.340482573726541615e-01
1.338688085676037476e-01
1.336898395721924926e-01
1.335113484646194837e-01
1.333333333333333315e-01
1.331557922769640578e-01
1.329787234042553168e-01
1.328021248339973370e-01
1.326259946949602253e-01
1.324503311258278249e-01
1.322751322751322678e-01
1.321003963011888882e-01
1.319261213720316628e-01
1.317523056653491509e-01
1.315789473684210453e-01
1.314060446780551950e-01
1.312335958005249326e-01
1.310615989515072077e-01
1.308900523560209417e-01
1.307189542483660205e-01
1.305483028720626493e-01
1.303780964797913999e-01
1.302083333333333426e-01
1.300390117035110371e-01
1.298701298701298579e-01
1.297016861219195960e-01
1.295336787564767000e-01
1.293661060802069884e-01
1.291989664082687228e-01
1.290322580645161255e-01
1.288659793814433130e-01
1.287001287001287020e-01
1.285347043701799419e-01
1.283697047496790700e-01
1.282051282051282215e-01
1.280409731113956451e-01
1.278772378516624120e-01
1.277139208173690976e-01
1.275510204081632681e-01
1.273885350318471332e-01
1.272264631043256988e-01
1.270648030495552805e-01
1.269035532994923776e-01
1.267427122940430750e-01
1.265822784810126389e-01
1.264222503160556121e-01
1.262626262626262708e-01
1.261034047919293855e-01
1.259445843828715383e-01
1.257861635220125784e-01
1.256281407035175768e-01
1.254705144291091701e-01
1.253132832080200432e-01
1.251564455569461887e-01
1.250000000000000000e-01
