# d_z
7.658983916031898431e-01
7.621338273068062330e-01
7.583798992487088553e-01
7.546370967614569603e-01
7.509058929925579440e-01
7.471867450533677957e-01
7.434800941784019956e-01
7.397863658945732501e-01
7.361059701998641236e-01
7.324393017509374104e-01
7.287867400591799827e-01
7.251486496946756288e-01
7.215253804976029528e-01
7.179172677965477423e-01
7.143246326332298723e-01
7.107477819931437013e-01
7.071870090416129129e-01
7.036425933647759701e-01
7.001148012150123501e-01
6.966038857603423784e-01
6.931100873373301496e-01
6.896336337070370082e-01
6.861747403135830536e-01
6.827336105448806869e-01
6.793104359951271931e-01
6.759053967286416942e-01
6.725186615446622218e-01
6.691503882427191074e-01
6.658007238882206469e-01
6.624698050779043168e-01
6.591577582048173678e-01
6.558646997225063835e-01
6.525907364081141582e-01
6.493359656240935696e-01
6.461004755782636666e-01
6.428843455819530650e-01
6.396876463059829598e-01
6.365104400342647128e-01
6.333527809147970755e-01
6.302147152078634296e-01
6.270962815312443039e-01
6.239975111022747489e-01
6.209184279765882497e-01
6.178590492834040715e-01
6.148193854572244765e-01
6.117994404658257945e-01
6.087992120344338787e-01
6.058186918659916875e-01
6.028578658574316185e-01
5.999167143118824264e-01
5.969952121467475559e-01
5.940933290975998204e-01
5.912110299178515715e-01
5.883482745741662745e-01
5.855050184375828470e-01
5.826812124703384388e-01
5.798768034083772172e-01
5.770917339395458256e-01
5.743259428774749598e-01
5.715793653311636024e-01
5.688519328702772437e-01
5.661435736861876178e-01
5.634542127487760510e-01
5.607837719590397230e-01
5.581321702975315935e-01
5.554993239686801809e-01
5.528851465410318244e-01
5.502895490834649461e-01
5.477124402974288264e-01
5.451537266452611830e-01
5.426133124746420622e-01
5.400911001392453281e-01
5.375869901156475894e-01
5.351008811165607337e-01
5.326326702004524627e-01
5.301822528776213295e-01
5.277495232127968894e-01
5.253343739243301336e-01
5.229366964800485906e-01
5.205563811898430426e-01
5.181933172950596855e-01
5.158473930547666786e-01
5.135184958289689128e-01
5.112065121588412753e-01
5.089113278440515753e-01
5.066328280172451848e-01
5.043708972157631143e-01
5.021254194506602486e-01
4.998962782731001808e-01
4.976833568381884843e-01
4.954865379663194735e-01
4.933057042021004035e-01
4.911407378709221061e-01
4.889915211332414025e-01
4.868579360366415143e-01
4.847398645657328697e-01
4.826371886899605279e-01
4.805497904093776196e-01
4.784775517984476423e-01
4.764203550479350624e-01
4.743780825049435101e-01
4.723506167111585219e-01
4.703378404393522283e-01
4.683396367282049999e-01
4.663558889154986731e-01
4.643864806697328151e-01
4.624312960202183742e-01
4.604902193856971193e-01
4.585631356015372195e-01
4.566499299455527017e-01
4.547504881624945816e-01
4.528646964872587999e-01
4.509924416668551483e-01
4.491336109811819299e-01
4.472880922626475408e-01
4.454557739146809414e-01
4.436365449291704843e-01
4.418302949028701243e-01
4.400369140528110901e-01
4.382562932307555448e-01
4.364883239367285950e-01
4.347328983316615658e-01
4.329899092491827362e-01
4.312592502065856204e-01
4.295408154150086033e-01
4.278344997888550161e-01
4.261401989544835178e-01
4.244578092581992590e-01
4.227872277735718054e-01
4.211283523081076341e-01
4.194810814093034579e-01
4.178453143701051364e-01
4.162209512337977646e-01
4.146078927983495310e-01
4.130060406202326062e-01
4.114152970177433755e-01
4.098355650738436107e-01
4.082667486385425093e-01
4.067087523308404173e-01
4.051614815402527769e-01
4.036248424279343383e-01
4.020987419274190122e-01
4.005830877449960692e-01
3.990777883597362297e-01
3.975827530231860196e-01
3.960978917587457682e-01
3.946231153607444586e-01
3.931583353932278091e-01
3.917034641884732937e-01
3.902584148452445945e-01
3.888231012267998055e-01
3.873974379586634931e-01
3.859813404261782654e-01
3.845747247718441231e-01
3.831775078924579692e-01
3.817896074360644376e-01
3.804109417987276975e-01
3.790414301211343373e-01
3.776809922850372092e-01
3.763295489095478952e-01
3.749870213472891178e-01
3.736533316804137583e-01
3.723284027164981969e-01
3.710121579843198569e-01
3.697045217295241715e-01
3.684054189101901300e-01
3.671147751922991254e-01
3.658325169451164260e-01
3.645585712364886599e-01
3.632928658280661915e-01
3.620353291704538901e-01
3.607858903982979482e-01
3.595444793253119165e-01
3.583110264392490585e-01
3.570854628968253563e-01
3.558677205185963865e-01
3.546577317837953380e-01
3.534554298251338378e-01
3.522607484235719677e-01
3.510736220030587496e-01
3.498939856252497038e-01
3.487217749842031478e-01
3.475569264010592851e-01
3.463993768187059730e-01
3.452490637964321651e-01
3.441059255045751941e-01
3.429699007191623905e-01
3.418409288165497606e-01
3.407189497680617740e-01
3.396039041346334830e-01
3.384957330614578042e-01
3.373943782726401830e-01
3.362997820658620296e-01
3.352118873070562000e-01
3.341306374250954114e-01
3.330559764064959793e-01
3.319878487901377628e-01
3.309261996620033175e-01
3.298709746499356443e-01
3.288221199184190868e-01
3.277795821633813222e-01
3.267433086070201109e-01
3.257132469926554696e-01
3.246893455796069361e-01
3.236715531381004207e-01
3.226598189442010378e-01
3.216540927747771894e-01
3.206543249024940145e-01
3.196604660908377582e-01
3.186724675891731140e-01
3.176902811278312089e-01
3.167138589132331705e-01
3.157431536230453362e-01
3.147781184013705436e-01
3.138187068539733393e-01
3.128648730435411585e-01
3.119165714849812532e-01
3.109737571407537593e-01
3.100363854162416222e-01
3.091044121551575485e-01
3.081777936349879843e-01
3.072564865624747288e-01
3.063404480691348519e-01
3.054296357068176371e-01
3.045240074433002153e-01
3.036235216579223350e-01
3.027281371372577135e-01
3.018378130708255225e-01
3.009525090468399555e-01
3.000721850479983743e-01
2.991968014473083692e-01
2.983263190039533441e-01
2.974606988591967927e-01
2.965999025323253768e-01
2.957438919166310298e-01
2.948926292754306955e-01
2.940460772381255916e-01
2.932041987962978324e-01
2.923669572998467969e-01
2.915343164531621900e-01
2.907062403113360172e-01
2.898826932764123621e-01
2.890636400936751338e-01
2.882490458479727291e-01
2.874388759600809973e-01
2.866330961831025093e-01
2.858316725989041296e-01
2.850345716145902264e-01
2.842417599590132959e-01
2.834532046793207805e-01
2.826688731375380237e-01
2.818887330071873643e-01
2.811127522699429226e-01
2.803408992123208043e-01
2.795731424224050521e-01
2.788094507866075711e-01
2.780497934864642473e-01
2.772941399954640951e-01
2.765424600759138762e-01
2.757947237758360259e-01
2.750509014259003848e-01
2.743109636363892934e-01
2.735748812941962149e-01
2.728426255598569439e-01
2.721141678646133433e-01
2.713894799075097786e-01
2.706685336525209706e-01
2.699513013257124339e-01
2.692377554124315564e-01
2.685278686545304883e-01
2.678216140476194496e-01
2.671189648383515136e-01
2.664198945217360892e-01
2.657243768384843219e-01
2.650323857723828613e-01
2.643438955476981045e-01
2.636588806266081941e-01
2.629773157066660483e-01
2.622991757182886463e-01
2.616244358222762911e-01
2.609530714073594049e-01
2.602850580877725251e-01
2.596203717008567780e-01
2.589589883046886087e-01
2.583008841757361562e-01
2.576460358065411627e-01
2.569944199034287502e-01
2.563460133842417332e-01
2.557007933761020757e-01
2.550587372131962183e-01
2.544198224345875503e-01
2.537840267820520301e-01
2.531513281979401175e-01
2.525217048230615768e-01
2.518951349945956486e-01
2.512715972440243695e-01
2.506510702950900393e-01
2.500335330617752816e-01
2.494189646463072785e-01
2.488073443371839610e-01
2.481986516072230142e-01
2.475928661116333085e-01
2.469899676861085913e-01
2.463899363449424118e-01
2.457927522791653885e-01
2.451983958547032105e-01
2.446068476105558998e-01
2.440180882569980003e-01
2.434320986737995851e-01
2.428488599084669408e-01
2.422683531745042085e-01
2.416905598496943697e-01
2.411154614744002722e-01
2.405430397498846962e-01
2.399732765366499876e-01
2.394061538527967326e-01
2.388416538724006388e-01
2.382797589239087910e-01
2.377204514885535025e-01
2.371637141987847086e-01
2.366095298367203448e-01
2.360578813326141279e-01
2.355087517633407124e-01
2.349621243508987767e-01
2.344179824609303464e-01
2.338763096012578258e-01
2.333370894204368495e-01
2.328003057063264547e-01
2.322659423846748783e-01
2.317339835177218421e-01
2.312044133028164916e-01
2.306772160710511277e-01
2.301523762859105371e-01
2.296298785419365052e-01
2.291097075634076219e-01
2.285918482030340204e-01
2.280762854406667151e-01
2.275630043820218718e-01
2.270519902574194560e-01
2.265432284205355640e-01
2.260367043471700477e-01
2.255324036340267124e-01
2.250303119975082811e-01
2.245304152725243751e-01
2.240326994113132630e-01
2.235371504822765143e-01
2.230437546688274486e-01
2.225524982682514918e-01
2.220633676905803267e-01
2.215763494574779224e-01
2.210914302011397492e-01
2.206085966632036210e-01
2.201278356936733072e-01
2.196491342498539112e-01
2.191724793952991301e-01
2.186978582987703090e-01
2.182252582332072366e-01
2.177546665747100707e-01
2.172860708015331710e-01
2.168194584930893676e-01
2.163548173289661092e-01
2.158921350879518808e-01
2.154313996470736681e-01
2.149725989806453574e-01
2.145157211593261004e-01
2.140607543491895304e-01
2.136076868108032767e-01
2.131565068983181932e-01
2.127072030585682449e-01
2.122597638301798317e-01
2.118141778426911592e-01
2.113704338156812967e-01
2.109285205579085054e-01
2.104884269664584751e-01
2.100501420259015539e-01
2.096136548074592765e-01
2.091789544681802726e-01
2.087460302501246423e-01
2.083148714795576562e-01
2.078854675661524209e-01
2.074578080022004556e-01
2.070318823618317039e-01
2.066076803002426243e-01
2.061851915529325785e-01
2.057644059349486576e-01
2.053453133401386965e-01
2.049279037404122816e-01
2.045121671850096967e-01
2.040980937997792788e-01
2.036856737864614353e-01
2.032748974219817928e-01
2.028657550577506741e-01
2.024582371189709296e-01
2.020523341039529575e-01
2.016480365834368293e-01
2.012453351999221596e-01
2.008442206670046914e-01
2.004446837687201555e-01
2.000467153588951774e-01
1.996503063605050421e-01
1.992554477650382017e-01
1.988621306318677229e-01
1.984703460876293679e-01
1.980800853256062533e-01
1.976913396051197813e-01
1.973041002509274833e-01
1.969183586526268015e-01
1.965341062640655612e-01
1.961513346027582705e-01
1.957700352493088325e-01
1.953901998468391132e-01
1.950118201004238383e-01
1.946348877765310958e-01
1.942593947024687795e-01
1.938853327658370262e-01
1.935126939139861224e-01
1.931414701534801825e-01
1.927716535495664352e-01
1.924032362256499207e-01
1.920362103627739070e-01
1.916705681991054955e-01
1.913063020294265837e-01
1.909434042046300462e-01
1.905818671312212997e-01
1.902216832708248928e-01
1.898628451396964789e-01
1.895053453082392314e-01
1.891491764005256149e-01
1.887943310938244024e-01
1.884408021181317450e-01
1.880885822557077924e-01
1.877376643406176437e-01
1.873880412582771271e-01
1.870397059450034094e-01
1.866926513875696858e-01
1.863468706227648930e-01
1.860023567369578079e-01
1.856591028656653375e-01
1.853171021931255269e-01
1.849763479518745368e-01
1.846368334223283669e-01
1.842985519323683263e-01
1.839614968569309172e-01
1.836256616176020762e-01
1.832910396822150512e-01
1.829576245644526089e-01
1.826254098234532941e-01
1.822943890634213526e-01
1.819645559332408735e-01
1.816359041260937335e-01
1.813084273790810941e-01
1.809821194728490346e-01
1.806569742312176818e-01
1.803329855208142818e-01
1.800101472507094624e-01
1.796884533720576604e-01
1.793678978777407396e-01
1.790484748020153283e-01
1.787301782201636269e-01
1.784130022481473232e-01
1.780969410422655608e-01
1.777819887988159320e-01
1.774681397537584138e-01
1.771553881823834387e-01
1.768437283989827413e-01
1.765331547565231196e-01
1.762236616463241923e-01
1.759152434977386825e-01
1.756078947778360877e-01
1.753016099910890413e-01
1.749963836790636440e-01
1.746922104201116543e-01
1.743890848290665929e-01
1.740870015569421225e-01
1.737859552906339533e-01
1.734859407526242181e-01
1.731869527006887621e-01
1.728889859276073748e-01
1.725920352608768527e-01
1.722960955624265600e-01
1.720011617283370986e-01
1.717072286885611698e-01
1.714142914066478784e-01
1.711223448794687574e-01
1.708313841369472341e-01
1.705414042417900677e-01
1.702524002892217836e-01
1.699643674067213839e-01
1.696773007537615841e-01
1.693911955215506859e-01
1.691060469327766991e-01
1.688218502413540989e-01
1.685386007321726387e-01
1.682562937208491594e-01
1.679749245534808422e-01
1.676944886064017093e-01
1.674149812859408171e-01
1.671363980281828365e-01
1.668587342987311317e-01
1.665819855924727533e-01
1.663061474333456802e-01
1.660312153741086427e-01
1.657571849961121946e-01
1.654840519090731987e-01
1.652118117508501183e-01
1.649404601872212495e-01
1.646699929116647310e-01
1.644004056451406626e-01
1.641316941358751114e-01
1.638638541591461162e-01
1.635968815170719959e-01
1.633307720384012396e-01
1.630655215783045064e-01
1.628011260181683462e-01
1.625375812653911123e-01
1.622748832531806518e-01
1.620130279403537432e-01
1.617520113111374780e-01
1.614918293749722233e-01
1.612324781663167506e-01
1.609739537444551394e-01
1.607162521933047650e-01
1.604593696212271159e-01
1.602033021608392782e-01
1.599480459688279177e-01
1.596935972257644831e-01
1.594399521359222416e-01
1.591871069270949235e-01
1.589350578504172551e-01
1.586838011801866011e-01
1.584333332136866890e-01
1.581836502710127212e-01
1.579347486948979307e-01
1.576866248505421064e-01
1.574392751254410638e-01
1.571926959292182235e-01
1.569468836934571898e-01
1.567018348715363552e-01
1.564575459384643652e-01
1.562140133907176653e-01
1.559712337460789633e-01
1.557292035434774402e-01
1.554879193428303497e-01
1.552473777248859765e-01
1.550075752910677618e-01
1.547685086633203422e-01
1.545301744839563396e-01
1.542925694155048988e-01
1.540556901405614187e-01
1.538195333616386717e-01
1.535840958010191715e-01
1.533493742006086791e-01
1.531153653217914301e-01
1.528820659452861386e-01
1.526494728710036108e-01
1.524175829179053032e-01
1.521863929238634616e-01
1.519558997455221216e-01
1.517261002581595797e-01
1.514969913555519465e-01
1.512685699498377556e-01
1.510408329713841813e-01
1.508137773686537286e-01
1.505874001080728108e-01
1.503616981739007985e-01
1.501366685681007340e-01
1.499123083102108511e-01
1.496886144372171490e-01
1.494655840034273819e-01
1.492432140803457985e-01
1.490215017565491851e-01
1.488004441375636311e-01
1.485800383457428486e-01
1.483602815201471581e-01
1.481411708164235008e-01
1.479227034066867563e-01
1.477048764794017255e-01
1.474876872392662797e-01
1.472711329070957031e-01
1.470552107197074521e-01
1.468399179298075785e-01
1.466252518058774879e-01
1.464112096320621947e-01
1.461977887080589955e-01
1.459849863490074173e-01
1.457727998853802498e-01
1.455612266628748264e-01
1.453502640423059988e-01
1.451399093994994727e-01
1.449301601251861693e-01
1.447210136248976708e-01
1.445124673188621645e-01
1.443045186419016634e-01
1.440971650433297280e-01
1.438904039868501572e-01
1.436842329504567917e-01
1.434786494263336487e-01
1.432736509207560849e-01
1.430692349539931518e-01
1.428653990602100354e-01
1.426621407873720493e-01
1.424594576971487392e-01
1.422573473648193476e-01
1.420558073791786113e-01
1.418548353424437525e-01
1.416544288701616361e-01
1.414545855911173988e-01
1.412553031472433829e-01
1.410565791935287916e-01
1.408584113979302055e-01
1.406607974412829865e-01
1.404637350172130705e-01
1.402672218320495656e-01
1.400712556047383484e-01
1.398758340667560218e-01
1.396809549620245117e-01
1.394866160468269389e-01
1.392928150897233264e-01
1.390995498714676648e-01
1.389068181849252570e-01
1.387146178349910053e-01
1.385229466385080321e-01
1.383318024241873834e-01
1.381411830325277590e-01
1.379510863157367151e-01
1.377615101376515605e-01
1.375724523736616689e-01
1.373839109106309297e-01
1.371958836468211429e-01
1.370083684918157463e-01
1.368213633664441264e-01
1.366348662027069560e-01
1.364488749437016424e-01
1.362633875435485808e-01
1.360784019673179912e-01
1.358939161909572535e-01
1.357099282012189656e-01
1.355264359955892783e-01
1.353434375822172853e-01
1.351609309798442737e-01
1.349789142177342249e-01
1.347973853356045082e-01
1.346163423835569917e-01
1.344357834220100134e-01
1.342557065216306855e-01
1.340761097632678367e-01
1.338969912378852323e-01
1.337183490464957381e-01
1.335401813000955118e-01
1.333624861195991107e-01
1.331852616357748764e-01
1.330085059891808197e-01
1.328322173301011433e-01
1.326563938184831259e-01
1.324810336238746167e-01
1.323061349253616958e-01
1.321316959115073630e-01
1.319577147802901418e-01
1.317841897390435446e-01
1.316111190043957047e-01
1.314385008022097290e-01
1.312663333675244404e-01
1.310946149444953690e-01
1.309233437863364380e-01
1.307525181552620652e-01
1.305821363224295151e-01
1.304121965678818884e-01
1.302426971804916400e-01
1.300736364579039850e-01
1.299050127064813875e-01
1.297368242412482719e-01
1.295690693858357612e-01
1.294017464724273869e-01
1.292348538417048276e-01
1.290683898427943399e-01
1.289023528332133850e-01
1.287367411788175597e-01
1.285715532537482497e-01
1.284067874403805598e-01
1.282424421292714112e-01
1.280785157191083046e-01
1.279150066166582222e-01
1.277519132367173349e-01
1.275892340020604587e-01
1.274269673433914840e-01
1.272651116992936926e-01
1.271036655161808249e-01
1.269426272482483409e-01
1.267819953574249314e-01
1.266217683133246397e-01
1.264619445931991493e-01
1.263025226818904334e-01
1.261435010717838479e-01
1.259848782627615293e-01
1.258266527621560993e-01
1.256688230847047283e-01
1.255113877525036170e-01
1.253543452949626713e-01
1.251976942487604272e-01
1.250414331577998917e-01
1.248855605731637591e-01
