# f_z
4.921952144735453061e-01
4.981962805074491296e-01
5.041555543007960605e-01
5.100720705414372169e-01
5.159449108017499785e-01
5.217732032057440517e-01
5.275561220402422702e-01
5.332928873124203051e-01
5.389827642560862664e-01
5.446250627891624507e-01
5.502191369248994324e-01
5.557643841394055428e-01
5.612602446981188598e-01
5.667062009438774695e-01
5.721017765492601992e-01
5.774465357358760098e-01
5.827400824632792409e-01
5.879820595901659175e-01
5.931721480104892308e-01
5.983100657670910039e-01
6.033955671454120928e-01
6.084284417497849429e-01
6.134085135647652232e-01
6.183356400038856338e-01
6.232097109481564701e-01
6.280306477765534856e-01
6.327984023906616518e-01
6.375129562355602575e-01
6.421743193189446419e-01
6.467825292303999163e-01
6.513376501626408910e-01
6.558397719364539302e-01
6.602890090309694315e-01
6.646854996208146904e-01
6.690294046215878865e-01
6.733209067450195429e-01
6.775602095650747891e-01
6.817475365961760403e-01
6.858831303846262273e-01
6.899672516142267842e-01
6.940001782269953345e-01
6.979822045598143010e-01
7.019136404977421861e-01
7.057948106446606529e-01
7.096260535118323887e-01
7.134077207248910035e-01
7.171401762497000565e-01
7.208237956374538014e-01
7.244589652893309584e-01
7.280460817409466490e-01
7.315855509667923418e-01
7.350777877047933728e-01
7.385232148010700826e-01
7.419222625749286593e-01
7.452753682040704764e-01
7.485829751299593049e-01
7.518455324832511444e-01
7.550634945291485600e-01
7.582373201325107726e-01
7.613674722425176622e-01
7.644544173966565381e-01
7.674986252437744350e-01
7.705005680859140504e-01
7.734607204386292345e-01
7.763795586094605072e-01
7.792575602942245494e-01
7.820952041907685004e-01
7.848929696298148073e-01
7.876513362225213699e-01
7.903707835243618529e-01
7.930517907149328138e-01
7.956948362932798613e-01
7.983003977883345037e-01
8.008689514840496848e-01
8.034009721588143416e-01
8.058969328387346476e-01
8.083573045643628330e-01
8.107825561704566919e-01
8.131731540783562195e-01
8.155295621005670403e-01
8.178522412571392897e-01
8.201416496034416026e-01
8.223982420689281980e-01
8.246224703065054840e-01
8.268147825521141581e-01
8.289756234941388913e-01
8.311054341522758904e-01
8.332046517654905227e-01
8.352737096887016266e-01
8.373130372978442315e-01
8.393230599029644079e-01
8.413041986690100726e-01
8.432568705439906775e-01
8.451814881941863700e-01
8.470784599460947639e-01
8.489481897348156725e-01
8.507910770585761506e-01
8.526075169391149622e-01
8.543978998876466946e-01
8.561626118761398452e-01
8.579020343136484206e-01
8.596165440274465830e-01
8.613065132487225384e-01
8.629723096025987417e-01
8.646142961022514895e-01
8.662328311469105202e-01
8.678282685235307881e-01
8.694009574119293537e-01
8.709512423931971004e-01
8.724794634611935384e-01
8.739859560369459546e-01
8.754710509857780432e-01
8.769350746370035976e-01
8.783783488060219469e-01
8.798011908186658125e-01
8.812039135376494858e-01
8.825868253909815442e-01
8.839502304022037737e-01
8.852944282223285111e-01
8.866197141633509471e-01
8.879263792332177108e-01
8.892147101721405988e-01
8.904849894901469831e-01
8.917374955057638664e-01
8.929725023857385535e-01
8.941902801857031235e-01
8.953910948916936619e-01
8.965752084624394325e-01
8.977428788723418318e-01
8.988943601550687390e-01
9.000299024476894338e-01
9.011497520352824697e-01
9.022541513959516646e-01
9.033433392461883704e-01
9.044175505865217346e-01
9.054770167474013309e-01
9.065219654352597578e-01
9.075526207787072419e-01
9.085692033748106189e-01
9.095719303354125040e-01
9.105610153334507961e-01
9.115366686492381021e-01
9.124990972166655556e-01
9.134485046692972787e-01
9.143850913863210694e-01
9.153090545383285592e-01
9.162205881328931989e-01
9.171198830599233132e-01
9.180071271367622465e-01
9.188825051530163934e-01
9.197461989150859107e-01
9.205983872903831244e-01
9.214392462512157600e-01
9.222689489183222289e-01
9.230876656040400974e-01
9.238955638550969685e-01
9.246928084950077897e-01
9.254795616660682622e-01
9.262559828709333587e-01
9.270222290137715149e-01
9.277784544409850565e-01
9.285248109814885353e-01
9.292614479865406452e-01
9.299885123691195021e-01
9.307061486428401809e-01
9.314144989604061786e-01
9.321137031515932536e-01
9.328038987607615296e-01
9.334852210838936459e-01
9.341578032051551794e-01
9.348217760329791126e-01
9.354772683356694651e-01
9.361244067765271959e-01
9.367633159484951566e-01
9.373941184083249833e-01
9.380169347102649269e-01
9.386318834392709531e-01
9.392390812437417802e-01
9.398386428677804050e-01
9.404306811829836743e-01
9.410153072197622315e-01
9.415926301981946134e-01
9.421627575584170522e-01
9.427257949905523127e-01
9.432818464641827827e-01
9.438310142573687056e-01
9.443733989852164390e-01
9.449090996280021804e-01
9.454382135588519365e-01
9.459608365709855082e-01
9.464770629045258232e-01
9.469869852728798332e-01
9.474906948886955282e-01
9.479882814893978438e-01
9.484798333623108979e-01
9.489654373693691136e-01
9.494451789714231094e-01
9.499191422521452433e-01
9.503874099415390297e-01
9.508500634390585349e-01
9.513071828363415250e-01
9.517588469395629192e-01
9.522051332914117650e-01
9.526461181926982880e-01
9.530818767235955669e-01
9.535124827645206080e-01
9.539380090166608150e-01
9.543585270221492944e-01
9.547741071838963256e-01
9.551848187850796590e-01
9.555907300083005262e-01
9.559919079544093590e-01
9.563884186610063232e-01
9.567803271206223314e-01
9.571676972985838638e-01
9.575505921505685913e-01
9.579290736398549111e-01
9.583032027542709441e-01
9.586730395228474366e-01
9.590386430321804490e-01
9.594000714425063858e-01
9.597573820034956960e-01
9.601106310697695712e-01
9.604598741161437525e-01
9.608051657526042177e-01
9.611465597390184135e-01
9.614841089995885826e-01
9.618178656370486301e-01
9.621478809466109672e-01
9.624742054296671068e-01
9.627968888072450104e-01
9.631159800332290688e-01
9.634315273073458252e-01
9.637435780879193281e-01
9.640521791044006639e-01
9.643573763696751122e-01
9.646592151921510316e-01
9.649577401876339167e-01
9.652529952909902899e-01
9.655450237676037606e-01
9.658338682246279117e-01
9.661195706220395696e-01
9.664021722834950090e-01
9.666817139069944220e-01
9.669582355753552072e-01
9.672317767665011834e-01
9.675023763635673957e-01
9.677700726648259533e-01
9.680349033934360081e-01
9.682969057070199836e-01
9.685561162070700503e-01
9.688125709481876235e-01
9.690663054471583271e-01
9.693173546918674166e-01
9.695657531500549986e-01
9.698115347779179274e-01
9.700547330285581582e-01
9.702953808602816643e-01
9.705335107447505827e-01
9.707691546749910305e-01
9.710023441732589244e-01
9.712331102987670217e-01
9.714614836552758481e-01
9.716874943985494006e-01
9.719111722436801770e-01
9.721325464722848642e-01
9.723516459395731282e-01
9.725684990812913933e-01
9.727831339205452732e-01
9.729955780745009886e-01
9.732058587609698774e-01
9.734140028048766657e-01
9.736200366446142729e-01
9.738239863382874839e-01
9.740258775698469318e-01
9.742257356551152769e-01
9.744235855477091368e-01
9.746194518448562105e-01
9.748133587931113730e-01
9.750053302939731825e-01
9.751953899094022438e-01
9.753835608672433155e-01
9.755698660665533817e-01
9.757543280828371302e-01
9.759369691731907270e-01
9.761178112813576613e-01
9.762968760426958825e-01
9.764741847890590076e-01
9.766497585535939274e-01
9.768236180754547027e-01
9.769957838044349696e-01
9.771662759055215197e-01
9.773351142633679434e-01
9.775023184866931114e-01
9.776679079126018301e-01
9.778319016108336648e-01
9.779943183879370450e-01
9.781551767913730933e-01
9.783144951135480660e-01
9.784722913957785151e-01
9.786285834321869492e-01
9.787833887735322147e-01
9.789367247309745945e-01
9.790886083797764039e-01
9.792390565629398580e-01
9.793880858947834334e-01
9.795357127644576112e-01
9.796819533394005575e-01
9.798268235687360717e-01
9.799703391866141367e-01
9.801125157154941814e-01
9.802533684693744975e-01
9.803929125569660341e-01
9.805311628848137895e-01
9.806681341603651347e-01
9.808038408949872888e-01
9.809382974069339456e-01
9.810715178242623846e-01
9.812035160877020656e-01
9.813343059534752610e-01
9.814639009960705041e-01
9.815923146109705177e-01
9.817195600173342918e-01
9.818456502606347502e-01
9.819705982152533430e-01
9.820944165870308940e-01
9.822171179157768162e-01
9.823387145777369156e-01
9.824592187880204497e-01
9.825786426029871068e-01
9.826969979225952390e-01
9.828142964927115699e-01
9.829305499073818231e-01
9.830457696110664889e-01
9.831599669008378450e-01
9.832731529285427818e-01
9.833853387029289905e-01
9.834965350917381777e-01
9.836067528237634194e-01
9.837160024908753186e-01
9.838242945500130787e-01
9.839316393251450465e-01
9.840380470091969478e-01
9.841435276659491471e-01
9.842480912319030439e-01
9.843517475181180476e-01
9.844545062120186873e-01
9.845563768791726345e-01
9.846573689650405248e-01
9.847574917966976926e-01
9.848567545845284821e-01
9.849551664238934690e-01
9.850527362967701483e-01
9.851494730733678651e-01
9.852453855137162098e-01
9.853404822692294340e-01
9.854347718842453308e-01
9.855282627975400223e-01
9.856209633438189899e-01
9.857128817551839006e-01
9.858040261625776735e-01
9.858944045972056758e-01
9.859840249919350486e-01
9.860728951826721600e-01
9.861610229097186320e-01
9.862484158191056061e-01
9.863350814639082476e-01
9.864210273055387113e-01
9.865062607150194562e-01
9.865907889742371317e-01
9.866746192771763679e-01
9.867577587311352483e-01
9.868402143579210195e-01
9.869219930950281494e-01
9.870031017967981768e-01
9.870835472355613538e-01
9.871633361027605247e-01
9.872424750100592394e-01
9.873209704904304385e-01
9.873988289992310374e-01
9.874760569152584155e-01
9.875526605417914716e-01
9.876286461076153600e-01
9.877040197680314604e-01
9.877787876058515826e-01
9.878529556323764060e-01
9.879265297883604857e-01
9.879995159449616038e-01
9.880719199046763546e-01
9.881437474022610745e-01
9.882150041056401157e-01
9.882856956167985762e-01
9.883558274726637061e-01
9.884254051459716583e-01
9.884944340461216949e-01
9.885629195200181796e-01
9.886308668528990262e-01
9.886982812691528233e-01
9.887651679331231902e-01
9.888315319499009215e-01
9.888973783661059169e-01
9.889627121706552337e-01
9.890275382955219241e-01
9.890918616164814381e-01
9.891556869538474794e-01
9.892190190731968702e-01
9.892818626860840903e-01
9.893442224507447147e-01
9.894061029727894141e-01
9.894675088058872969e-01
9.895284444524388157e-01
9.895889143642402352e-01
9.896489229431369994e-01
9.897084745416685481e-01
9.897675734637030320e-01
9.898262239650639227e-01
9.898844302541462969e-01
9.899421964925252393e-01
9.899995267955545852e-01
9.900564252329583370e-01
9.901128958294117544e-01
9.901689425651160059e-01
9.902245693763631618e-01
9.902797801560939694e-01
9.903345787544473033e-01
9.903889689793013984e-01
9.904429545968086446e-01
9.904965393319209443e-01
9.905497268689095192e-01
9.906025208518757230e-01
9.906549248852558609e-01
9.907069425343177915e-01
9.907585773256517570e-01
9.908098327476529965e-01
9.908607122509986986e-01
9.909112192491172921e-01
9.909613571186518532e-01
9.910111291999168515e-01
9.910605387973484559e-01
9.911095891799480695e-01
9.911582835817208670e-01
9.912066252021068946e-01
9.912546172064071737e-01
9.913022627262034758e-01
9.913495648597718812e-01
9.913965266724917846e-01
9.914431511972479072e-01
9.914894414348276452e-01
9.915354003543124239e-01
9.915810308934642769e-01
9.916263359591066529e-01
9.916713184274997817e-01
9.917159811447116002e-01
9.917603269269831268e-01
9.918043585610887281e-01
9.918480788046920571e-01
9.918914903866966615e-01
9.919345960075915958e-01
9.919773983397931483e-01
9.920199000279815715e-01
9.920621036894327061e-01
9.921040119143457181e-01
9.921456272661666187e-01
9.921869522819068976e-01
9.922279894724577165e-01
9.922687413229011044e-01
9.923092102928150471e-01
9.923493988165764668e-01
9.923893093036587620e-01
9.924289441389256838e-01
9.924683056829222139e-01
9.925073962721600029e-01
9.925462182194003669e-01
9.925847738139326193e-01
9.926230653218494071e-01
9.926610949863179378e-01
9.926988650278477655e-01
9.927363776445552457e-01
9.927736350124238829e-01
9.928106392855620133e-01
9.928473925964570457e-01
9.928838970562251509e-01
9.929201547548597295e-01
9.929561677614747728e-01
9.929919381245461141e-01
9.930274678721491277e-01
9.930627590121934301e-01
9.930978135326546941e-01
9.931326334018029112e-01
9.931672205684283217e-01
9.932015769620642365e-01
9.932357044932066392e-01
9.932696050535315679e-01
9.933032805161089440e-01
9.933367327356145138e-01
9.933699635485380153e-01
9.934029747733897908e-01
9.934357682109042909e-01
9.934683456442401361e-01
9.935007088391794028e-01
9.935328595443226884e-01
9.935647994912824021e-01
9.935965303948739447e-01
9.936280539533038914e-01
9.936593718483555104e-01
9.936904857455732820e-01
9.937213972944434204e-01
9.937521081285731750e-01
9.937826198658676891e-01
9.938129341087045265e-01
9.938430524441055347e-01
9.938729764439077075e-01
9.939027076649308290e-01
9.939322476491432301e-01
9.939615979238259902e-01
9.939907600017349187e-01
9.940197353812596504e-01
9.940485255465818515e-01
9.940771319678315399e-01
9.941055561012399622e-01
9.941337993892923608e-01
9.941618632608778539e-01
9.941897491314377611e-01
9.942174584031119311e-01
9.942449924648832926e-01
9.942723526927210731e-01
9.942995404497214640e-01
9.943265570862469538e-01
9.943534039400646618e-01
9.943800823364813413e-01
9.944065935884782714e-01
9.944329389968439292e-01
9.944591198503047735e-01
9.944851374256546972e-01
9.945109929878832578e-01
9.945366877903015768e-01
9.945622230746674619e-01
9.945876000713084197e-01
9.946128199992435581e-01
9.946378840663039345e-01
9.946627934692515716e-01
9.946875493938963642e-01
9.947121530152129854e-01
9.947366054974544625e-01
9.947609079942663080e-01
9.947850616487982078e-01
9.948090675938141558e-01
9.948329269518022544e-01
9.948566408350824064e-01
9.948802103459128965e-01
9.949036365765960843e-01
9.949269206095820994e-01
9.949500635175723140e-01
9.949730663636204842e-01
9.949959302012333362e-01
9.950186560744704867e-01
9.950412450180415869e-01
9.950636980574041335e-01
9.950860162088587257e-01
9.951082004796441005e-01
9.951302518680306131e-01
9.951521713634128297e-01
9.951739599464008990e-01
9.951956185889107021e-01
9.952171482542535585e-01
9.952385498972240452e-01
9.952598244641874814e-01
9.952809728931664157e-01
9.953019961139250027e-01
9.953228950480542681e-01
9.953436706090544872e-01
9.953643237024181190e-01
9.953848552257107407e-01
9.954052660686516507e-01
9.954255571131932490e-01
9.954457292335997520e-01
9.954657832965247977e-01
9.954857201610880502e-01
9.955055406789513617e-01
9.955252456943936012e-01
9.955448360443850397e-01
9.955643125586605136e-01
9.955836760597919222e-01
9.956029273632599486e-01
9.956220672775250025e-01
9.956410966040970534e-01
9.956600161376051306e-01
9.956788266658656017e-01
9.956975289699502296e-01
9.957161238242524526e-01
9.957346119965542197e-01
9.957529942480910501e-01
9.957712713336172028e-01
9.957894440014689597e-01
9.958075129936285741e-01
9.958254790457861105e-01
9.958433428874020610e-01
9.958611052417681853e-01
9.958787668260677961e-01
9.958963283514357112e-01
9.959137905230177612e-01
9.959311540400286322e-01
9.959484195958102637e-01
9.959655878778886917e-01
9.959826595680307815e-01
9.959996353423001825e-01
9.960165158711126177e-01
9.960333018192907284e-01
9.960499938461179203e-01
9.960665926053919872e-01
9.960830987454782903e-01
9.960995129093618283e-01
9.961158357346990844e-01
9.961320678538693185e-01
9.961482098940251939e-01
9.961642624771429588e-01
9.961802262200717406e-01
9.961961017345828395e-01
9.962118896274180235e-01
9.962275905003379339e-01
9.962432049501687148e-01
9.962587335688497525e-01
9.962741769434796391e-01
9.962895356563623572e-01
9.963048102850523557e-01
9.963200014023999573e-01
9.963351095765953236e-01
9.963501353712127528e-01
9.963650793452543120e-01
9.963799420531924689e-01
9.963947240450128362e-01
9.964094258662565817e-01
9.964240480580616177e-01
9.964385911572043453e-01
9.964530556961400665e-01
9.964674422030432854e-01
9.964817512018481205e-01
9.964959832122873840e-01
9.965101387499319952e-01
9.965242183262290609e-01
9.965382224485410667e-01
9.965521516201828467e-01
9.965660063404596647e-01
9.965797871047039624e-01
9.965934944043122190e-01
9.966071287267811440e-01
9.966206905557435380e-01
9.966341803710042635e-01
9.966475986485746619e-01
9.966609458607079697e-01
9.966742224759336244e-01
9.966874289590912372e-01
9.967005657713644551e-01
9.967136333703140449e-01
9.967266322099113118e-01
9.967395627405706282e-01
9.967524254091817415e-01
9.967652206591418595e-01
9.967779489303870699e-01
9.967906106594243143e-01
9.968032062793616976e-01
9.968157362199399074e-01
9.968282009075617456e-01
9.968406007653232148e-01
9.968529362130426064e-01
9.968652076672902540e-01
9.968774155414175109e-01
9.968895602455857263e-01
9.969016421867952227e-01
9.969136617689127178e-01
9.969256193927001908e-01
9.969375154558421936e-01
9.969493503529731626e-01
9.969611244757048407e-01
9.969728382126531452e-01
9.969844919494645907e-01
9.969960860688429349e-01
9.970076209505749354e-01
9.970190969715563289e-01
9.970305145058173668e-01
9.970418739245480166e-01
9.970531755961232756e-01
9.970644198861277063e-01
9.970756071573800838e-01
9.970867377699575984e-01
9.970978120812201695e-01
9.971088304458338714e-01
9.971197932157948030e-01
9.971307007404524025e-01
9.971415533665325404e-01
9.971523514381603892e-01
9.971630952968828510e-01
9.971737852816915382e-01
9.971844217290444234e-01
9.971950049728880439e-01
9.972055353446793724e-01
9.972160131734073563e-01
9.972264387856142331e-01
9.972368125054162924e-01
9.972471346545255244e-01
9.972574055522699377e-01
