# ee
5.150954425334930420e-02
8.163641393184661865e-02
8.853236585855484009e-02
7.520559430122375488e-02
5.280988290905952454e-02
3.188758715987205505e-02
1.785380393266677856e-02
1.093314588069915771e-02
8.538273163139820099e-03
7.834540680050849915e-03
7.112006656825542450e-03
6.223087664693593979e-03
5.379928275942802429e-03
4.864586517214775085e-03
4.871256649494171143e-03
5.172765813767910004e-03
5.493208300322294235e-03
5.783106200397014618e-03
6.077700294554233551e-03
6.524660624563694000e-03
7.263773586601018906e-03
8.290868252515792847e-03
9.567670524120330811e-03
1.106345839798450470e-02
1.275206822901964188e-02
1.461800280958414078e-02
1.665276288986206055e-02
1.886516064405441284e-02
2.125908248126506805e-02
2.380136027932167053e-02
2.646566554903984070e-02
2.929006516933441162e-02
3.232594206929206848e-02
3.561354801058769226e-02
3.917697072029113770e-02
4.298675805330276489e-02
4.701318219304084778e-02
5.127901956439018250e-02
5.582015961408615112e-02
6.066310405731201172e-02
6.579673290252685547e-02
7.120053470134735107e-02
7.685399800539016724e-02
8.273660391569137573e-02
8.883583545684814453e-02
9.517113119363784790e-02
1.017699092626571655e-01
1.086596101522445679e-01
1.158676519989967346e-01
1.234137713909149170e-01
1.312868446111679077e-01
1.394680738449096680e-01
1.479386538267135620e-01
1.566797792911529541e-01
1.656771302223205566e-01
1.749345064163208008e-01
1.844601482152938843e-01
1.942623555660247803e-01
2.043493986129760742e-01
2.147267907857894897e-01
2.253892123699188232e-01
2.363284975290298462e-01
2.475365549325942993e-01
2.590053379535675049e-01
2.707268595695495605e-01
2.826941609382629395e-01
2.949003875255584717e-01
3.073387444019317627e-01
3.200024068355560303e-01
3.328842222690582275e-01
3.459760844707489014e-01
3.592693507671356201e-01
3.727555572986602783e-01
3.864261507987976074e-01
4.002722799777984619e-01
4.142835140228271484e-01
4.284491240978240967e-01
4.427582025527954102e-01
4.572001099586486816e-01
4.717639684677124023e-01
4.864390492439270020e-01
5.012145638465881348e-01
5.160798430442810059e-01
5.310241580009460449e-01
5.460360050201416016e-01
5.611019134521484375e-01
5.762073993682861328e-01
5.913383960723876953e-01
6.064806580543518066e-01
6.216198205947875977e-01
6.367418169975280762e-01
6.518326997756958008e-01
6.668782234191894531e-01
6.818645000457763672e-01
6.967772841453552246e-01
7.116026282310485840e-01
7.263263463973999023e-01
7.409344911575317383e-01
7.554128766059875488e-01
7.697474956512451172e-01
7.839242815971374512e-01
7.979291081428527832e-01
8.117479681968688965e-01
8.253667950630187988e-01
8.387714624404907227e-01
8.519477844238281250e-01
8.648819923400878906e-01
8.775597214698791504e-01
8.899670839309692383e-01
9.020906090736389160e-01
9.139196276664733887e-01
9.254441857337951660e-01
9.366542100906372070e-01
9.475398063659667969e-01
9.580909013748168945e-01
9.682974815368652344e-01
9.781496524810791016e-01
9.876373410224914551e-01
9.967505335807800293e-01
1.005479216575622559e+00
1.013813614845275879e+00
1.021743535995483398e+00
1.029259085655212402e+00
1.036350011825561523e+00
1.043006658554077148e+00
1.049218893051147461e+00
1.054976701736450195e+00
1.060270071029663086e+00
1.065088987350463867e+00
1.069425463676452637e+00
1.073279023170471191e+00
1.076650619506835938e+00
1.079541921615600586e+00
1.081954121589660645e+00
1.083888649940490723e+00
1.085346817970275879e+00
1.086329817771911621e+00
1.086838960647583008e+00
1.086875915527343750e+00
1.086441755294799805e+00
1.085537672042846680e+00
1.084165215492248535e+00
1.082325816154479980e+00
1.080020666122436523e+00
1.077250838279724121e+00
1.074018239974975586e+00
1.070323586463928223e+00
1.066168785095214844e+00
1.061554670333862305e+00
1.056485533714294434e+00
1.050976157188415527e+00
1.045043706893920898e+00
1.038705706596374512e+00
1.031979680061340332e+00
1.024882793426513672e+00
1.017432808876037598e+00
1.009646773338317871e+00
1.001542329788208008e+00
9.931367635726928711e-01
9.844474792480468750e-01
9.754920005798339844e-01
9.662877321243286133e-01
9.568519592285156250e-01
9.472022056579589844e-01
9.373558759689331055e-01
9.273303151130676270e-01
9.171429276466369629e-01
9.068111777305603027e-01
8.963525295257568359e-01
8.857843279838562012e-01
8.751238584518432617e-01
8.643887639045715332e-01
8.535962104797363281e-01
8.427639007568359375e-01
8.319120407104492188e-01
8.210731148719787598e-01
8.102825284004211426e-01
7.995759248733520508e-01
7.889885306358337402e-01
7.785559296607971191e-01
7.683135271072387695e-01
7.582967877388000488e-01
7.485412359237670898e-01
7.390821576118469238e-01
7.299551367759704590e-01
7.211956381797790527e-01
7.128390669822692871e-01
7.049208879470825195e-01
6.974765062332153320e-01
6.905413866043090820e-01
6.841511130332946777e-01
6.783409714698791504e-01
6.731465458869934082e-01
6.686031818389892578e-01
6.647463440895080566e-01
6.616116166114807129e-01
6.592342257499694824e-01
6.576498746871948242e-01
6.568938493728637695e-01
6.570010781288146973e-01
6.580042839050292969e-01
6.599355936050415039e-01
6.628271341323852539e-01
6.667110919952392578e-01
6.716195344924926758e-01
6.775845885276794434e-01
6.846385002136230469e-01
6.928133368492126465e-01
7.021412253379821777e-01
7.126542925834655762e-01
7.243847250938415527e-01
7.373645901679992676e-01
7.516261339187622070e-01
7.672014236450195312e-01
7.841225862503051758e-01
8.024217486381530762e-01
8.221311569213867188e-01
8.432828187942504883e-01
8.659089803695678711e-01
8.900416493415832520e-01
9.157130718231201172e-01
9.429553747177124023e-01
9.718005657196044922e-01
1.002281069755554199e+00
1.034428715705871582e+00
1.068275809288024902e+00
1.103854417800903320e+00
1.141196727752685547e+00
1.180334806442260742e+00
1.221300959587097168e+00
1.264127135276794434e+00
1.308845520019531250e+00
1.355488300323486328e+00
1.404087662696838379e+00
1.454675674438476562e+00
1.507284402847290039e+00
1.561946034431457520e+00
1.618692755699157715e+00
1.677556633949279785e+00
1.738569974899291992e+00
1.801764726638793945e+00
1.867172956466674805e+00
1.934827327728271484e+00
2.004759311676025391e+00
2.077001333236694336e+00
2.151585340499877930e+00
2.228543996810913086e+00
2.307908773422241211e+00
2.389712333679199219e+00
2.473977327346801758e+00
2.560690402984619141e+00
2.649829149246215820e+00
2.741369962692260742e+00
2.835291147232055664e+00
2.931569337844848633e+00
3.030182361602783203e+00
3.131106853485107422e+00
3.234320878982543945e+00
3.339801311492919922e+00
3.447525501251220703e+00
3.557470321655273438e+00
3.669614315032958984e+00
3.783933639526367188e+00
3.900405883789062500e+00
4.019008636474609375e+00
4.139719009399414062e+00
4.262514114379882812e+00
4.387372016906738281e+00
4.514268398284912109e+00
4.643182277679443359e+00
4.774090766906738281e+00
4.906970024108886719e+00
5.041798591613769531e+00
5.178553104400634766e+00
5.317210674285888672e+00
5.457749366760253906e+00
5.600145816802978516e+00
5.744377613067626953e+00
5.890422344207763672e+00
6.038257122039794922e+00
6.187858104705810547e+00
6.339204788208007812e+00
6.492272853851318359e+00
6.647039890289306641e+00
6.803483486175537109e+00
6.961581707000732422e+00
7.121309757232666016e+00
7.282646656036376953e+00
7.445569992065429688e+00
7.610055446624755859e+00
7.776081085205078125e+00
7.943624496459960938e+00
8.112663269042968750e+00
8.283173561096191406e+00
8.455134391784667969e+00
8.628520965576171875e+00
8.803313255310058594e+00
8.979485511779785156e+00
9.157016754150390625e+00
9.335875511169433594e+00
9.515995025634765625e+00
9.697300910949707031e+00
9.879715919494628906e+00
1.006316757202148438e+01
1.024757862091064453e+01
1.043287372589111328e+01
1.061897850036621094e+01
1.080581760406494141e+01
1.099331474304199219e+01
1.118139648437500000e+01
1.136998653411865234e+01
1.155900955200195312e+01
1.174839019775390625e+01
1.193805408477783203e+01
1.212792587280273438e+01
1.231792926788330078e+01
1.250798988342285156e+01
1.269803237915039062e+01
1.288798141479492188e+01
1.307776165008544922e+01
1.326729774475097656e+01
1.345651531219482422e+01
1.364533710479736328e+01
1.383369064331054688e+01
1.402149868011474609e+01
1.420868587493896484e+01
1.439517784118652344e+01
1.458090019226074219e+01
1.476577758789062500e+01
1.494973182678222656e+01
1.513268947601318359e+01
1.531457710266113281e+01
1.549531650543212891e+01
1.567483520507812500e+01
1.585305595397949219e+01
1.602990341186523438e+01
1.620530509948730469e+01
1.637918090820312500e+01
1.655146217346191406e+01
1.672206687927246094e+01
1.689092445373535156e+01
1.705795669555664062e+01
1.722309112548828125e+01
1.738624954223632812e+01
1.754735946655273438e+01
1.770634460449218750e+01
1.786312866210937500e+01
1.801763725280761719e+01
1.816979598999023438e+01
1.831953430175781250e+01
1.846680641174316406e+01
1.861157226562500000e+01
1.875378990173339844e+01
1.889341926574707031e+01
1.903042221069335938e+01
1.916475677490234375e+01
1.929638099670410156e+01
1.942525672912597656e+01
1.955134201049804688e+01
1.967459869384765625e+01
1.979498481750488281e+01
1.991245651245117188e+01
2.002697944641113281e+01
2.013850975036621094e+01
2.024700927734375000e+01
2.035243415832519531e+01
2.045474624633789062e+01
2.055390357971191406e+01
2.064986801147460938e+01
2.074259757995605469e+01
2.083205223083496094e+01
2.091819190979003906e+01
2.100097465515136719e+01
2.108036231994628906e+01
2.115631294250488281e+01
2.122878646850585938e+01
2.129774093627929688e+01
2.136314010620117188e+01
2.142493820190429688e+01
2.148309898376464844e+01
2.153758049011230469e+01
2.158834075927734375e+01
2.163534355163574219e+01
2.167854309082031250e+01
2.171790313720703125e+01
2.175338172912597656e+01
2.178493690490722656e+01
2.181253051757812500e+01
2.183612251281738281e+01
2.185566902160644531e+01
2.187113380432128906e+01
2.188247489929199219e+01
2.188965034484863281e+01
2.189262008666992188e+01
2.189134597778320312e+01
2.188578605651855469e+01
2.187589836120605469e+01
2.186164665222167969e+01
2.184298515319824219e+01
2.181989288330078125e+01
2.179241180419921875e+01
2.176059722900390625e+01
2.172450828552246094e+01
2.168420219421386719e+01
2.163973617553710938e+01
2.159116935729980469e+01
2.153855705261230469e+01
2.148195648193359375e+01
2.142142868041992188e+01
2.135702896118164062e+01
2.128881263732910156e+01
2.121684074401855469e+01
2.114117050170898438e+01
2.106185913085937500e+01
2.097896194458007812e+01
2.089253997802734375e+01
2.080264854431152344e+01
2.070934486389160156e+01
2.061268806457519531e+01
2.051273536682128906e+01
2.040954399108886719e+01
2.030317115783691406e+01
2.019367599487304688e+01
2.008111381530761719e+01
1.996554374694824219e+01
1.984702301025390625e+01
1.972560882568359375e+01
1.960136032104492188e+01
1.947433090209960938e+01
1.934458351135253906e+01
1.921217155456542969e+01
1.907715606689453125e+01
1.893959236145019531e+01
1.879953765869140625e+01
1.865705108642578125e+01
1.851218986511230469e+01
1.836500930786132812e+01
1.821557044982910156e+01
1.806392669677734375e+01
1.791014099121093750e+01
1.775426673889160156e+01
1.759636306762695312e+01
1.743648910522460938e+01
1.727469825744628906e+01
1.711105155944824219e+01
1.694560432434082031e+01
1.677841567993164062e+01
1.660954284667968750e+01
1.643904495239257812e+01
1.626698493957519531e+01
1.609346199035644531e+01
1.591858768463134766e+01
1.574246597290039062e+01
1.556520462036132812e+01
1.538691425323486328e+01
1.520769691467285156e+01
1.502766513824462891e+01
1.484692382812500000e+01
1.466558265686035156e+01
1.448374652862548828e+01
1.430152606964111328e+01
1.411902618408203125e+01
1.393635559082031250e+01
1.375362014770507812e+01
1.357093048095703125e+01
1.338839244842529297e+01
1.320611286163330078e+01
1.302420139312744141e+01
1.284276390075683594e+01
1.266190814971923828e+01
1.248174190521240234e+01
1.230237293243408203e+01
1.212390899658203125e+01
1.194645690917968750e+01
1.177012443542480469e+01
1.159501934051513672e+01
1.142124938964843750e+01
1.124892139434814453e+01
1.107814311981201172e+01
1.090902233123779297e+01
1.074166774749755859e+01
1.057618522644042969e+01
1.041268253326416016e+01
1.025126838684082031e+01
1.009204864501953125e+01
9.935132980346679688e+00
9.780626296997070312e+00
9.628638267517089844e+00
9.479275703430175781e+00
9.332645416259765625e+00
9.188857078552246094e+00
9.048016548156738281e+00
8.910231590270996094e+00
8.775609970092773438e+00
8.644258499145507812e+00
8.516286849975585938e+00
8.391799926757812500e+00
8.270906448364257812e+00
8.153714179992675781e+00
8.040319442749023438e+00
7.930772304534912109e+00
7.825109481811523438e+00
7.723371028900146484e+00
7.625594615936279297e+00
7.531817913055419922e+00
7.442080497741699219e+00
7.356419563293457031e+00
7.274874687194824219e+00
7.197483539581298828e+00
7.124284744262695312e+00
7.055316448211669922e+00
6.990616798400878906e+00
6.930224418640136719e+00
6.874177932739257812e+00
6.822515487670898438e+00
6.775275707244873047e+00
6.732496261596679688e+00
6.694215774536132812e+00
6.660472869873046875e+00
6.631305694580078125e+00
6.606752872467041016e+00
6.586852550506591797e+00
6.571642875671386719e+00
6.561162948608398438e+00
6.555449962615966797e+00
6.554543495178222656e+00
6.558481216430664062e+00
6.567301750183105469e+00
6.581042766571044922e+00
6.599743843078613281e+00
6.623442173004150391e+00
6.652176380157470703e+00
6.685985565185546875e+00
6.724907875061035156e+00
6.768980979919433594e+00
6.818243503570556641e+00
6.872734069824218750e+00
6.932490825653076172e+00
6.997552871704101562e+00
7.067957401275634766e+00
7.143743038177490234e+00
7.224948406219482422e+00
7.311612129211425781e+00
7.403771877288818359e+00
7.501467227935791016e+00
7.604735374450683594e+00
7.713614463806152344e+00
7.828143596649169922e+00
7.948361873626708984e+00
8.074284553527832031e+00
8.205850601196289062e+00
8.342972755432128906e+00
8.485567092895507812e+00
8.633548736572265625e+00
8.786831855773925781e+00
8.945333480834960938e+00
9.108967781066894531e+00
9.277648925781250000e+00
9.451293945312500000e+00
9.629816055297851562e+00
9.813131332397460938e+00
1.000115585327148438e+01
1.019380378723144531e+01
1.039098930358886719e+01
1.059263038635253906e+01
1.079863834381103516e+01
1.100893211364746094e+01
1.122342491149902344e+01
1.144203090667724609e+01
1.166466712951660156e+01
1.189124870300292969e+01
1.212168979644775391e+01
1.235590457916259766e+01
1.259381103515625000e+01
1.283532142639160156e+01
1.308035278320312500e+01
1.332882022857666016e+01
1.358063793182373047e+01
1.383572101593017578e+01
1.409398555755615234e+01
1.435534667968750000e+01
1.461971855163574219e+01
1.488701629638671875e+01
1.515715599060058594e+01
1.543005371093750000e+01
1.570562267303466797e+01
1.598377704620361328e+01
1.626443481445312500e+01
1.654751014709472656e+01
1.683291816711425781e+01
1.712057304382324219e+01
1.741039085388183594e+01
1.770228576660156250e+01
1.799617385864257812e+01
1.829197311401367188e+01
1.858959197998046875e+01
1.888895225524902344e+01
1.918996429443359375e+01
1.949254608154296875e+01
1.979660415649414062e+01
2.010201835632324219e+01
2.040866279602050781e+01
2.071640777587890625e+01
2.102512741088867188e+01
2.133469390869140625e+01
2.164498138427734375e+01
2.195586204528808594e+01
2.226720619201660156e+01
2.257888984680175781e+01
2.289078330993652344e+01
2.320275878906250000e+01
2.351469230651855469e+01
2.382645225524902344e+01
2.413791084289550781e+01
2.444894599914550781e+01
2.475942802429199219e+01
2.506922721862792969e+01
2.537821960449218750e+01
2.568627548217773438e+01
2.599326705932617188e+01
2.629907035827636719e+01
2.660355377197265625e+01
2.690659332275390625e+01
2.720805931091308594e+01
2.750782775878906250e+01
2.780576515197753906e+01
2.810174942016601562e+01
2.839565277099609375e+01
2.868734931945800781e+01
2.897670364379882812e+01
2.926359748840332031e+01
2.954789924621582031e+01
2.982948303222656250e+01
3.010821914672851562e+01
3.038398170471191406e+01
3.065664672851562500e+01
3.092607879638671875e+01
3.119215965270996094e+01
3.145475387573242188e+01
3.171374320983886719e+01
3.196899223327636719e+01
3.222037506103515625e+01
3.246776580810546875e+01
3.271103668212890625e+01
3.295006561279296875e+01
3.318471527099609375e+01
3.341485977172851562e+01
3.364038467407226562e+01
3.386114883422851562e+01
3.407704162597656250e+01
3.428802108764648438e+01
3.449404525756835938e+01
3.469508361816406250e+01
3.489109802246093750e+01
3.508205795288085938e+01
3.526792526245117188e+01
3.544867324829101562e+01
3.562425613403320312e+01
3.579464721679687500e+01
3.595980834960937500e+01
3.611970901489257812e+01
3.627430725097656250e+01
3.642358016967773438e+01
3.656748199462890625e+01
3.670598220825195312e+01
3.683905029296875000e+01
3.696664810180664062e+01
3.708874130249023438e+01
3.720529174804687500e+01
3.731627273559570312e+01
3.742164611816406250e+01
3.752137374877929688e+01
3.761542892456054688e+01
3.770376968383789062e+01
3.778636550903320312e+01
3.786318206787109375e+01
3.793418502807617188e+01
3.799933624267578125e+01
3.805860519409179688e+01
3.811195373535156250e+01
3.815935134887695312e+01
3.820076370239257812e+01
3.823615264892578125e+01
3.826548385620117188e+01
3.828872680664062500e+01
3.830583953857421875e+01
3.831679916381835938e+01
3.832155990600585938e+01
3.832009887695312500e+01
3.831237030029296875e+01
3.829834365844726562e+01
3.827798461914062500e+01
3.825126266479492188e+01
3.821813583374023438e+01
3.817857742309570312e+01
3.813254547119140625e+01
3.808000946044921875e+01
3.802093505859375000e+01
3.795528793334960938e+01
3.788305664062500000e+01
3.780430984497070312e+01
3.771915817260742188e+01
3.762768173217773438e+01
3.752999114990234375e+01
3.742618179321289062e+01
3.731634902954101562e+01
3.720059204101562500e+01
3.707900238037109375e+01
3.695168304443359375e+01
3.681872940063476562e+01
3.668024444580078125e+01
3.653631973266601562e+01
3.638705444335937500e+01
3.623254394531250000e+01
3.607288360595703125e+01
3.590817642211914062e+01
3.573852539062500000e+01
3.556401443481445312e+01
3.538474655151367188e+01
3.520082092285156250e+01
3.501233673095703125e+01
3.481938552856445312e+01
3.462207031250000000e+01
3.442048263549804688e+01
3.421472549438476562e+01
3.400489425659179688e+01
3.379108810424804688e+01
3.357339859008789062e+01
3.335193252563476562e+01
3.312677764892578125e+01
3.289804077148437500e+01
3.266580963134765625e+01
3.243019104003906250e+01
3.219127655029296875e+01
3.194916343688964844e+01
3.170395278930664062e+01
3.145573806762695312e+01
3.120462036132812500e+01
3.095069503784179688e+01
3.069405555725097656e+01
3.043481063842773438e+01
3.017304801940917969e+01
2.990886688232421875e+01
2.964236831665039062e+01
2.937364387512207031e+01
2.910280036926269531e+01
2.882992553710937500e+01
2.855512046813964844e+01
2.827848052978515625e+01
2.800011444091796875e+01
2.772014808654785156e+01
2.743870925903320312e+01
2.715594100952148438e+01
2.687197303771972656e+01
2.658693695068359375e+01
2.630096817016601562e+01
2.601420211791992188e+01
2.572677230834960938e+01
2.543881034851074219e+01
2.515044975280761719e+01
2.486182785034179688e+01
2.457307624816894531e+01
2.428432846069335938e+01
2.399571800231933594e+01
2.370738220214843750e+01
2.341944885253906250e+01
2.313205528259277344e+01
2.284533691406250000e+01
2.255942535400390625e+01
2.227445411682128906e+01
2.199055862426757812e+01
2.170787048339843750e+01
2.142652511596679688e+01
2.114665412902832031e+01
2.086839485168457031e+01
2.059188079833984375e+01
2.031724166870117188e+01
2.004461479187011719e+01
1.977413558959960938e+01
1.950593185424804688e+01
1.924014282226562500e+01
1.897689819335937500e+01
1.871633529663085938e+01
1.845858764648437500e+01
1.820378684997558594e+01
1.795206832885742188e+01
1.770356559753417969e+01
1.745841217041015625e+01
1.721674156188964844e+01
1.697868919372558594e+01
1.674438667297363281e+01
1.651396942138671875e+01
1.628756904602050781e+01
1.606532287597656250e+01
1.584736251831054688e+01
1.563382148742675781e+01
1.542483425140380859e+01
1.522053432464599609e+01
1.502105617523193359e+01
1.482651615142822266e+01
1.463696956634521484e+01
1.445245075225830078e+01
1.427300167083740234e+01
1.409865474700927734e+01
1.392944908142089844e+01
1.376542186737060547e+01
1.360661125183105469e+01
1.345305347442626953e+01
1.330478668212890625e+01
1.316184711456298828e+01
1.302427196502685547e+01
1.289209842681884766e+01
1.276536464691162109e+01
1.264410781860351562e+01
1.252836322784423828e+01
1.241817092895507812e+01
1.231356716156005859e+01
1.221458816528320312e+01
1.212127208709716797e+01
1.203365612030029297e+01
1.195177745819091797e+01
1.187567329406738281e+01
1.180538082122802734e+01
1.174093723297119141e+01
1.168237972259521484e+01
1.162974548339843750e+01
1.158307170867919922e+01
1.154239654541015625e+01
1.150775623321533203e+01
1.147918796539306641e+01
1.145672988891601562e+01
1.144041919708251953e+01
1.143029212951660156e+01
1.142638587951660156e+01
1.142873859405517578e+01
1.143738746643066406e+01
1.145236968994140625e+01
1.147372150421142578e+01
1.150148105621337891e+01
1.153568649291992188e+01
1.157637310028076172e+01
1.162357902526855469e+01
1.167734241485595703e+01
1.173769855499267578e+01
1.180468559265136719e+01
1.187834167480468750e+01
1.195870399475097656e+01
1.204580783843994141e+01
1.213969230651855469e+01
1.224037075042724609e+01
1.234776687622070312e+01
1.246178054809570312e+01
1.258231067657470703e+01
1.270925903320312500e+01
1.284252357482910156e+01
1.298200607299804688e+01
1.312760639190673828e+01
1.327922344207763672e+01
1.343675804138183594e+01
1.360010910034179688e+01
1.376917839050292969e+01
1.394386577606201172e+01
1.412406921386718750e+01
1.430969047546386719e+01
1.450062942504882812e+01
1.469678497314453125e+01
1.489805698394775391e+01
1.510434913635253906e+01
1.531555652618408203e+01
1.553158187866210938e+01
1.575232410430908203e+01
1.597768497467041016e+01
1.620756149291992188e+01
1.644185638427734375e+01
1.668046760559082031e+01
1.692329788208007812e+01
1.717024421691894531e+01
1.742120933532714844e+01
1.767609214782714844e+01
1.793478965759277344e+01
1.819720649719238281e+01
1.846324157714843750e+01
1.873279190063476562e+01
1.900576210021972656e+01
1.928204727172851562e+01
1.956155014038085938e+01
1.984417343139648438e+01
2.012981033325195312e+01
2.041836738586425781e+01
2.070973968505859375e+01
2.100383186340332031e+01
2.130054092407226562e+01
2.159976577758789062e+01
2.190140914916992188e+01
2.220536804199218750e+01
2.251154708862304688e+01
2.281984329223632812e+01
2.313015556335449219e+01
2.344238853454589844e+01
2.375642967224121094e+01
2.407215499877929688e+01
2.438942909240722656e+01
2.470811653137207031e+01
2.502808570861816406e+01
2.534919929504394531e+01
2.567132186889648438e+01
2.599432182312011719e+01
2.631806564331054688e+01
2.664241409301757812e+01
2.696723747253417969e+01
2.729239845275878906e+01
2.761776351928710938e+01
2.794319915771484375e+01
2.826856803894042969e+01
2.859374046325683594e+01
2.891857910156250000e+01
2.924294662475585938e+01
2.956671333312988281e+01
2.988974380493164062e+01
3.021190452575683594e+01
3.053305435180664062e+01
3.085306930541992188e+01
3.117180633544921875e+01
3.148913192749023438e+01
3.180491638183593750e+01
3.211902236938476562e+01
3.243131637573242188e+01
3.274166488647460938e+01
3.304993057250976562e+01
3.335597991943359375e+01
3.365967559814453125e+01
3.396089172363281250e+01
3.425948715209960938e+01
3.455532455444335938e+01
3.484828186035156250e+01
3.513821029663085938e+01
3.542498397827148438e+01
3.570846557617187500e+01
3.598852157592773438e+01
3.626501846313476562e+01
3.653781890869140625e+01
3.680678939819335938e+01
3.707179641723632812e+01
3.733270645141601562e+01
3.758938217163085938e+01
3.784169387817382812e+01
3.808950424194335938e+01
3.833267211914062500e+01
3.857107925415039062e+01
3.880458831787109375e+01
3.903316497802734375e+01
3.925675964355468750e+01
3.947534942626953125e+01
3.968888854980468750e+01
3.989734649658203125e+01
4.010068511962890625e+01
4.029887390136718750e+01
4.049187469482421875e+01
4.067964935302734375e+01
4.086216354370117188e+01
4.103938674926757812e+01
4.121127700805664062e+01
4.137779998779296875e+01
4.153892517089843750e+01
4.169461441040039062e+01
4.184482955932617188e+01
4.198954010009765625e+01
4.212870788574218750e+01
4.226229476928710938e+01
4.239027023315429688e+01
4.251259231567382812e+01
4.262923431396484375e+01
4.274015426635742188e+01
4.284532165527343750e+01
4.294469451904296875e+01
4.303824234008789062e+01
4.312592697143554688e+01
4.320771789550781250e+01
4.328357315063476562e+01
4.335346603393554688e+01
4.341734695434570312e+01
4.347519302368164062e+01
4.352696609497070312e+01
4.357262802124023438e+01
4.361214447021484375e+01
4.364548110961914062e+01
4.367259979248046875e+01
4.369347000122070312e+01
4.370804977416992188e+01
4.371630859375000000e+01
4.371820831298828125e+01
4.371371841430664062e+01
4.370279312133789062e+01
4.368541336059570312e+01
4.366152572631835938e+01
4.363110351562500000e+01
4.359411621093750000e+01
4.355051803588867188e+01
4.350028228759765625e+01
4.344338607788085938e+01
4.337989425659179688e+01
4.330989074707031250e+01
4.323345184326171875e+01
4.315066528320312500e+01
4.306160354614257812e+01
4.296635818481445312e+01
4.286500167846679688e+01
4.275762176513671875e+01
4.264429855346679688e+01
4.252510833740234375e+01
4.240013885498046875e+01
4.226947021484375000e+01
4.213318252563476562e+01
4.199135589599609375e+01
4.184407043457031250e+01
4.169141769409179688e+01
4.153346633911132812e+01
4.137030410766601562e+01
4.120201110839843750e+01
4.102866744995117188e+01
4.085036087036132812e+01
4.066716003417968750e+01
4.047916030883789062e+01
4.028643417358398438e+01
4.008906936645507812e+01
3.988713836669921875e+01
3.968073272705078125e+01
3.946992874145507812e+01
3.925480651855468750e+01
3.903544616699218750e+01
3.881193542480468750e+01
3.858435058593750000e+01
3.835277175903320312e+01
3.811729049682617188e+01
3.787797164916992188e+01
3.763491058349609375e+01
3.738818740844726562e+01
3.713787460327148438e+01
3.688405990600585938e+01
3.662682342529296875e+01
3.636624526977539062e+01
3.610241317749023438e+01
3.583539962768554688e+01
3.556529235839843750e+01
3.529217147827148438e+01
3.501611328125000000e+01
3.473720550537109375e+01
3.445552444458007812e+01
3.417115783691406250e+01
3.388418960571289062e+01
3.359473800659179688e+01
3.330292892456054688e+01
3.300888442993164062e+01
3.271273422241210938e+01
3.241459655761718750e+01
3.211459732055664062e+01
3.181286621093750000e+01
3.150952148437500000e+01
3.120469284057617188e+01
3.089850234985351562e+01
3.059107780456542969e+01
3.028253555297851562e+01
2.997301292419433594e+01
2.966262245178222656e+01
2.935149383544921875e+01
2.903975296020507812e+01
2.872752571105957031e+01
2.841493225097656250e+01
2.810209846496582031e+01
2.778914833068847656e+01
2.747621345520019531e+01
2.716340827941894531e+01
2.685086441040039062e+01
2.653870201110839844e+01
2.622704887390136719e+01
2.591602897644042969e+01
2.560576629638671875e+01
2.529638671875000000e+01
2.498801422119140625e+01
2.468077278137207031e+01
2.437478446960449219e+01
2.407018089294433594e+01
2.376708221435546875e+01
2.346561241149902344e+01
2.316589927673339844e+01
2.286806297302246094e+01
2.257223320007324219e+01
2.227853012084960938e+01
2.198708152770996094e+01
2.169800949096679688e+01
2.141143989562988281e+01
2.112750053405761719e+01
2.084630966186523438e+01
2.056799697875976562e+01
2.029268646240234375e+01
2.002050018310546875e+01
1.975156402587890625e+01
1.948600387573242188e+01
1.922394371032714844e+01
1.896549415588378906e+01
1.871071243286132812e+01
1.845964622497558594e+01
1.821233749389648438e+01
1.796883392333984375e+01
1.772917556762695312e+01
1.749341011047363281e+01
1.726158332824707031e+01
1.703373718261718750e+01
1.680991744995117188e+01
1.659016990661621094e+01
1.637453842163085938e+01
1.616306686401367188e+01
1.595580101013183594e+01
1.575278568267822266e+01
1.555406570434570312e+01
1.535968399047851562e+01
1.516968631744384766e+01
1.498411846160888672e+01
1.480302333831787109e+01
1.462644577026367188e+01
1.445443248748779297e+01
1.428702640533447266e+01
1.412427234649658203e+01
1.396621608734130859e+01
1.381290054321289062e+01
1.366437149047851562e+01
1.352067565917968750e+01
1.338185310363769531e+01
1.324795150756835938e+01
1.311901569366455078e+01
1.299508953094482422e+01
1.287621688842773438e+01
1.276244544982910156e+01
1.265381717681884766e+01
1.255037689208984375e+01
1.245217037200927734e+01
1.235924148559570312e+01
1.227163505554199219e+01
1.218939685821533203e+01
1.211257171630859375e+01
1.204120159149169922e+01
1.197533321380615234e+01
1.191501235961914062e+01
1.186028003692626953e+01
1.181118488311767578e+01
1.176777076721191406e+01
1.173007965087890625e+01
1.169815921783447266e+01
1.167205333709716797e+01
1.165178775787353516e+01
1.163731575012207031e+01
1.162857341766357422e+01
1.162549304962158203e+01
1.162801265716552734e+01
1.163606452941894531e+01
1.164958381652832031e+01
1.166850757598876953e+01
1.169276714324951172e+01
1.172230052947998047e+01
1.175703907012939453e+01
1.179692173004150391e+01
1.184187984466552734e+01
1.189185142517089844e+01
1.194676780700683594e+01
1.200656509399414062e+01
1.207118034362792969e+01
1.214054584503173828e+01
1.221459674835205078e+01
1.229326820373535156e+01
1.237649536132812500e+01
1.246421146392822266e+01
1.255635356903076172e+01
1.265285587310791016e+01
1.275365257263183594e+01
1.285867881774902344e+01
1.296786880493164062e+01
1.308115863800048828e+01
1.319848155975341797e+01
1.331977367401123047e+01
1.344496917724609375e+01
1.357400321960449219e+01
1.370681190490722656e+01
1.384332656860351562e+01
1.398348426818847656e+01
1.412722015380859375e+01
1.427446937561035156e+01
1.442516422271728516e+01
1.457924270629882812e+01
1.473663711547851562e+01
1.489728164672851562e+01
1.506111621856689453e+01
1.522806930541992188e+01
1.539808082580566406e+01
1.557108116149902344e+01
1.574700832366943359e+01
1.592579746246337891e+01
1.610737991333007812e+01
1.629169464111328125e+01
1.647867202758789062e+01
1.666824340820312500e+01
1.686031150817871094e+01
1.705477333068847656e+01
1.725152015686035156e+01
1.745045280456542969e+01
1.765146636962890625e+01
1.785445404052734375e+01
1.805931663513183594e+01
1.826594352722167969e+01
1.847423934936523438e+01
1.868409347534179688e+01
1.889540290832519531e+01
1.910806655883789062e+01
1.932197761535644531e+01
1.953703498840332031e+01
1.975313186645507812e+01
1.997016716003417969e+01
2.018803405761718750e+01
2.040662956237792969e+01
2.062585067749023438e+01
2.084559249877929688e+01
2.106575202941894531e+01
2.128622245788574219e+01
2.150690460205078125e+01
2.172769165039062500e+01
2.194847869873046875e+01
2.216916275024414062e+01
2.238964271545410156e+01
2.260980987548828125e+01
2.282956314086914062e+01
2.304879760742187500e+01
2.326741027832031250e+01
2.348529624938964844e+01
2.370235252380371094e+01
2.391847419738769531e+01
2.413355827331542969e+01
2.434749984741210938e+01
2.456019592285156250e+01
2.477153968811035156e+01
2.498143196105957031e+01
2.518976402282714844e+01
2.539643669128417969e+01
2.560134124755859375e+01
2.580437850952148438e+01
2.600544166564941406e+01
2.620442581176757812e+01
2.640122795104980469e+01
2.659574699401855469e+01
2.678787612915039062e+01
2.697751045227050781e+01
2.716455650329589844e+01
2.734896278381347656e+01
2.753068351745605469e+01
2.770966911315917969e+01
2.788588142395019531e+01
2.805927848815917969e+01
2.822980499267578125e+01
2.839742469787597656e+01
2.856209373474121094e+01
2.872376251220703125e+01
2.888239097595214844e+01
2.903792953491210938e+01
2.919033813476562500e+01
2.933957290649414062e+01
2.948558616638183594e+01
2.962833595275878906e+01
2.976777458190917969e+01
2.990386009216308594e+01
3.003654861450195312e+01
3.016579246520996094e+01
3.029154968261718750e+01
3.041377639770507812e+01
3.053242683410644531e+01
3.064745521545410156e+01
3.075882339477539062e+01
3.086647796630859375e+01
3.097037887573242188e+01
3.107048034667968750e+01
3.116674041748046875e+01
3.125911331176757812e+01
3.134755134582519531e+01
3.143201446533203125e+01
3.151245689392089844e+01
3.158883666992187500e+01
3.166110229492187500e+01
3.172921562194824219e+01
3.179313087463378906e+01
3.185280036926269531e+01
3.190818214416503906e+01
3.195923423767089844e+01
3.200590515136718750e+01
3.204815673828125000e+01
3.208594512939453125e+01
3.211922073364257812e+01
3.214794158935546875e+01
3.217206192016601562e+01
3.219153976440429688e+01
3.220633316040039062e+01
3.221638870239257812e+01
3.222166824340820312e+01
3.222214126586914062e+01
3.221784210205078125e+01
3.220881271362304688e+01
3.219509887695312500e+01
3.217675399780273438e+01
3.215382003784179688e+01
3.212634658813476562e+01
3.209437942504882812e+01
3.205796432495117188e+01
3.201715087890625000e+01
3.197197914123535156e+01
3.192250442504882812e+01
3.186877250671386719e+01
3.181082344055175781e+01
3.174870872497558594e+01
3.168247604370117188e+01
3.161217117309570312e+01
3.153783988952636719e+01
3.145952987670898438e+01
3.137728691101074219e+01
3.129115867614746094e+01
3.120119285583496094e+01
3.110743904113769531e+01
3.100993728637695312e+01
3.090873718261718750e+01
3.080389022827148438e+01
3.069543457031250000e+01
3.058342361450195312e+01
3.046790122985839844e+01
3.034891510009765625e+01
3.022651290893554688e+01
3.010073852539062500e+01
2.997164344787597656e+01
2.983927345275878906e+01
2.970367050170898438e+01
2.956488609313964844e+01
2.942296791076660156e+01
2.927795791625976562e+01
2.912990951538085938e+01
2.897886276245117188e+01
2.882486915588378906e+01
2.866797065734863281e+01
2.850821876525878906e+01
2.834566116333007812e+01
2.818033981323242188e+01
2.801230621337890625e+01
2.784160614013671875e+01
2.766827964782714844e+01
2.749238395690917969e+01
2.731396102905273438e+01
2.713306236267089844e+01
2.694976997375488281e+01
2.676416587829589844e+01
2.657633590698242188e+01
2.638636207580566406e+01
2.619433021545410156e+01
2.600032424926757812e+01
2.580443191528320312e+01
2.560673332214355469e+01
2.540731430053710938e+01
2.520626068115234375e+01
2.500365447998046875e+01
2.479958343505859375e+01
2.459412956237792969e+01
2.438737678527832031e+01
2.417941284179687500e+01
2.397031784057617188e+01
2.376017951965332031e+01
2.354907989501953125e+01
2.333710670471191406e+01
2.312434005737304688e+01
2.291086769104003906e+01
2.269677543640136719e+01
2.248214340209960938e+01
2.226705741882324219e+01
2.205160522460937500e+01
2.183586692810058594e+01
2.161993026733398438e+01
2.140387725830078125e+01
2.118779182434082031e+01
2.097176170349121094e+01
2.075586891174316406e+01
2.054019927978515625e+01
2.032483482360839844e+01
2.010986137390136719e+01
1.989536666870117188e+01
1.968142890930175781e+01
1.946813774108886719e+01
1.925557708740234375e+01
1.904382896423339844e+01
1.883297729492187500e+01
1.862310981750488281e+01
1.841430854797363281e+01
1.820665931701660156e+01
1.800024414062500000e+01
1.779515266418457031e+01
1.759146308898925781e+01
1.738926315307617188e+01
1.718863868713378906e+01
1.698966979980468750e+01
1.679243850708007812e+01
1.659699058532714844e+01
1.640337371826171875e+01
1.621162414550781250e+01
1.602178764343261719e+01
1.583390808105468750e+01
1.564802551269531250e+01
1.546418380737304688e+01
1.528242492675781250e+01
1.510279178619384766e+01
1.492532825469970703e+01
1.475007438659667969e+01
1.457707405090332031e+01
1.440636920928955078e+01
1.423800468444824219e+01
1.407201957702636719e+01
1.390845775604248047e+01
1.374736309051513672e+01
1.358877849578857422e+01
1.343274402618408203e+01
1.327930355072021484e+01
1.312849903106689453e+01
1.298037528991699219e+01
1.283497238159179688e+01
1.269233226776123047e+01
1.255250072479248047e+01
1.241551780700683594e+01
1.228142738342285156e+01
1.215027046203613281e+01
1.202209186553955078e+01
1.189693260192871094e+01
1.177483463287353516e+01
1.165584278106689453e+01
1.153999710083007812e+01
1.142734146118164062e+01
1.131791877746582031e+01
1.121177101135253906e+01
1.110894107818603516e+01
1.100947093963623047e+01
1.091340446472167969e+01
1.082078170776367188e+01
1.073164749145507812e+01
1.064604473114013672e+01
1.056401348114013672e+01
1.048559951782226562e+01
1.041084289550781250e+01
1.033978652954101562e+01
1.027247428894042969e+01
1.020894718170166016e+01
1.014924812316894531e+01
1.009340858459472656e+01
1.004140853881835938e+01
9.993218421936035156e+00
9.948805809020996094e+00
9.908141136169433594e+00
9.871191024780273438e+00
9.837927818298339844e+00
9.808318138122558594e+00
9.782332420349121094e+00
9.759939193725585938e+00
9.741106986999511719e+00
9.725805282592773438e+00
9.714002609252929688e+00
9.705669403076171875e+00
9.700774192810058594e+00
9.699285507202148438e+00
9.701172828674316406e+00
9.706403732299804688e+00
9.714949607849121094e+00
9.726778984069824219e+00
9.741858482360839844e+00
9.760160446166992188e+00
9.781652450561523438e+00
9.806303024291992188e+00
9.834081649780273438e+00
9.864958763122558594e+00
9.898900032043457031e+00
9.935878753662109375e+00
9.975860595703125000e+00
1.001881599426269531e+01
1.006471443176269531e+01
1.011352443695068359e+01
1.016521453857421875e+01
1.021975421905517578e+01
1.027711296081542969e+01
1.033725929260253906e+01
1.040016269683837891e+01
1.046579170227050781e+01
1.053411483764648438e+01
1.060510253906250000e+01
1.067872333526611328e+01
1.075494575500488281e+01
1.083374023437500000e+01
1.091507434844970703e+01
1.099891662597656250e+01
1.108523845672607422e+01
1.117400646209716797e+01
1.126519203186035156e+01
1.135876178741455078e+01
1.145468616485595703e+01
1.155292892456054688e+01
1.165342807769775391e+01
1.175611686706542969e+01
1.186092948913574219e+01
1.196780014038085938e+01
1.207666015625000000e+01
1.218744373321533203e+01
1.230008411407470703e+01
1.241451549530029297e+01
1.253067016601562500e+01
1.264848232269287109e+01
1.276788425445556641e+01
1.288881111145019531e+01
1.301119422912597656e+01
1.313496875762939453e+01
1.326006698608398438e+01
1.338642215728759766e+01
1.351396846771240234e+01
1.364263916015625000e+01
1.377236747741699219e+01
1.390308380126953125e+01
1.403472805023193359e+01
1.416722679138183594e+01
1.430051898956298828e+01
1.443453407287597656e+01
1.456920528411865234e+01
1.470446968078613281e+01
1.484025764465332031e+01
1.497650337219238281e+01
1.511314010620117188e+01
1.525010108947753906e+01
1.538732051849365234e+01
1.552473068237304688e+01
1.566226577758789062e+01
1.579985809326171875e+01
1.593744087219238281e+01
1.607494926452636719e+01
1.621231651306152344e+01
1.634947395324707031e+01
1.648635673522949219e+01
1.662289619445800781e+01
1.675902938842773438e+01
1.689468765258789062e+01
1.702980232238769531e+01
1.716430854797363281e+01
1.729813957214355469e+01
1.743122863769531250e+01
1.756351089477539062e+01
1.769491767883300781e+01
1.782538223266601562e+01
1.795484352111816406e+01
1.808325576782226562e+01
1.821058273315429688e+01
1.833678245544433594e+01
1.846181678771972656e+01
1.858564567565917969e+01
1.870822906494140625e+01
1.882952880859375000e+01
1.894950485229492188e+01
1.906811714172363281e+01
1.918532943725585938e+01
1.930109786987304688e+01
1.941538810729980469e+01
1.952815628051757812e+01
1.963936233520507812e+01
1.974897193908691406e+01
1.985694122314453125e+01
1.996323394775390625e+01
2.006780624389648438e+01
2.017062377929687500e+01
2.027164459228515625e+01
2.037082862854003906e+01
2.046813964843750000e+01
2.056353378295898438e+01
2.065697479248046875e+01
2.074842262268066406e+01
2.083783721923828125e+01
2.092518043518066406e+01
2.101041030883789062e+01
2.109349060058593750e+01
2.117438125610351562e+01
2.125304222106933594e+01
2.132943153381347656e+01
2.140351486206054688e+01
2.147524642944335938e+01
2.154459381103515625e+01
2.161151313781738281e+01
2.167596817016601562e+01
2.173791503906250000e+01
2.179731941223144531e+01
2.185413742065429688e+01
2.190833091735839844e+01
2.195986175537109375e+01
2.200868988037109375e+01
2.205477714538574219e+01
2.209808349609375000e+01
2.213856697082519531e+01
2.217618942260742188e+01
2.221091270446777344e+01
2.224269866943359375e+01
2.227151489257812500e+01
2.229736709594726562e+01
2.232027816772460938e+01
2.234026145935058594e+01
2.235733413696289062e+01
2.237151145935058594e+01
2.238281440734863281e+01
2.239125633239746094e+01
2.239685821533203125e+01
2.239963340759277344e+01
2.239960098266601562e+01
2.239677810668945312e+01
2.239118003845214844e+01
2.238282394409179688e+01
2.237172889709472656e+01
2.235791206359863281e+01
2.234138679504394531e+01
2.232217407226562500e+01
2.230028724670410156e+01
2.227574920654296875e+01
2.224857139587402344e+01
2.221877288818359375e+01
2.218636894226074219e+01
2.215138053894042969e+01
2.211382102966308594e+01
2.207370948791503906e+01
2.203106117248535156e+01
2.198589706420898438e+01
2.193822669982910156e+01
2.188807487487792969e+01
2.183545684814453125e+01
2.178038406372070312e+01
2.172288131713867188e+01
2.166296005249023438e+01
2.160064125061035156e+01
2.153593826293945312e+01
2.146887207031250000e+01
2.139945602416992188e+01
2.132770729064941406e+01
2.125364685058593750e+01
2.117728614807128906e+01
2.109864807128906250e+01
2.101774597167968750e+01
2.093459701538085938e+01
2.084922027587890625e+01
2.076162910461425781e+01
2.067184638977050781e+01
2.057988166809082031e+01
2.048575973510742188e+01
2.038949203491210938e+01
2.029110145568847656e+01
2.019063568115234375e+01
2.008814239501953125e+01
1.998367118835449219e+01
1.987727355957031250e+01
1.976899528503417969e+01
1.965889167785644531e+01
1.954701042175292969e+01
1.943339920043945312e+01
1.931810951232910156e+01
1.920119094848632812e+01
1.908269500732421875e+01
1.896266937255859375e+01
1.884116363525390625e+01
1.871822929382324219e+01
1.859391403198242188e+01
1.846827125549316406e+01
1.834134864807128906e+01
1.821319389343261719e+01
1.808386039733886719e+01
1.795339393615722656e+01
1.782184982299804688e+01
1.768927383422851562e+01
1.755571746826171875e+01
1.742122840881347656e+01
1.728586006164550781e+01
1.714966011047363281e+01
1.701267814636230469e+01
1.687496185302734375e+01
1.673656654357910156e+01
1.659753990173339844e+01
1.645792961120605469e+01
1.631778526306152344e+01
1.617715835571289062e+01
1.603610038757324219e+01
1.589465904235839844e+01
1.575288391113281250e+01
1.561082553863525391e+01
1.546853256225585938e+01
1.532605743408203125e+01
1.518344688415527344e+01
1.504075431823730469e+01
1.489802646636962891e+01
1.475531482696533203e+01
1.461266708374023438e+01
1.447013568878173828e+01
1.432776832580566406e+01
1.418561553955078125e+01
1.404372882843017578e+01
1.390215587615966797e+01
1.376094532012939453e+01
1.362013339996337891e+01
1.347975730895996094e+01
1.333984947204589844e+01
1.320044803619384766e+01
1.306158638000488281e+01
1.292329978942871094e+01
1.278562355041503906e+01
1.264859199523925781e+01
1.251224136352539062e+01
1.237660789489746094e+01
1.224172401428222656e+01
1.210762691497802734e+01
1.197434997558593750e+01
1.184193134307861328e+01
1.171040248870849609e+01
1.157980155944824219e+01
1.145016193389892578e+01
1.132151985168457031e+01
1.119390869140625000e+01
1.106736564636230469e+01
1.094192504882812500e+01
1.081762123107910156e+01
1.069449138641357422e+01
1.057256889343261719e+01
1.045188903808593750e+01
1.033248710632324219e+01
1.021439933776855469e+01
1.009766006469726562e+01
9.982303619384765625e+00
9.868366241455078125e+00
9.755884170532226562e+00
9.644888877868652344e+00
9.535419464111328125e+00
9.427508354187011719e+00
9.321191787719726562e+00
9.216506004333496094e+00
9.113484382629394531e+00
9.012162208557128906e+00
8.912575721740722656e+00
8.814759254455566406e+00
8.718748092651367188e+00
8.624577522277832031e+00
8.532282829284667969e+00
8.441899299621582031e+00
8.353461265563964844e+00
8.267004013061523438e+00
8.182562828063964844e+00
8.100173950195312500e+00
8.019870758056640625e+00
7.941682815551757812e+00
7.865610122680664062e+00
7.791646957397460938e+00
7.719786643981933594e+00
7.650022506713867188e+00
7.582349300384521484e+00
7.516759872436523438e+00
7.453248023986816406e+00
7.391807556152343750e+00
7.332431793212890625e+00
7.275115966796875000e+00
7.219851493835449219e+00
7.166634082794189453e+00
7.115456104278564453e+00
7.066312789916992188e+00
7.019196033477783203e+00
6.974101066589355469e+00
6.931020736694335938e+00
6.889948368072509766e+00
6.850879192352294922e+00
6.813806056976318359e+00
6.778721809387207031e+00
6.745621681213378906e+00
6.714498043060302734e+00
6.685345649719238281e+00
6.658157825469970703e+00
6.632928371429443359e+00
6.609651088714599609e+00
6.588319301605224609e+00
6.568927288055419922e+00
6.551467895507812500e+00
6.535935878753662109e+00
6.522323608398437500e+00
6.510626316070556641e+00
6.500836849212646484e+00
6.492949485778808594e+00
6.486957073211669922e+00
6.482854366302490234e+00
6.480633735656738281e+00
6.480289936065673828e+00
6.481816768646240234e+00
6.485207557678222656e+00
6.490456104278564453e+00
6.497555732727050781e+00
6.506500720977783203e+00
6.517284870147705078e+00
6.529901027679443359e+00
6.544343948364257812e+00
6.560606956481933594e+00
6.578683376312255859e+00
6.598562717437744141e+00
6.620214939117431641e+00
6.643605232238769531e+00
6.668699264526367188e+00
6.695462703704833984e+00
6.723860263824462891e+00
6.753858566284179688e+00
6.785421848297119141e+00
6.818515777587890625e+00
6.853106498718261719e+00
6.889158248901367188e+00
6.926636695861816406e+00
6.965508460998535156e+00
7.005738735198974609e+00
7.047290802001953125e+00
7.090132713317871094e+00
7.134228706359863281e+00
7.179544448852539062e+00
7.226045131683349609e+00
7.273695468902587891e+00
7.322462558746337891e+00
7.372310638427734375e+00
7.423205852508544922e+00
7.475113391876220703e+00
7.527997493743896484e+00
7.581825256347656250e+00
7.636561393737792969e+00
7.692171096801757812e+00
7.748620510101318359e+00
7.805874347686767578e+00
7.863898754119873047e+00
7.922657966613769531e+00
7.982119083404541016e+00
8.042245864868164062e+00
8.103005409240722656e+00
8.164361000061035156e+00
8.226279258728027344e+00
8.288725852966308594e+00
8.351666450500488281e+00
8.415065765380859375e+00
8.478888511657714844e+00
8.543102264404296875e+00
8.607669830322265625e+00
8.672559738159179688e+00
8.737734794616699219e+00
8.803160667419433594e+00
8.868804931640625000e+00
8.934630393981933594e+00
9.000603675842285156e+00
9.066689491271972656e+00
9.132856369018554688e+00
9.199071884155273438e+00
9.265309333801269531e+00
9.331540107727050781e+00
9.397735595703125000e+00
9.463865280151367188e+00
9.529904365539550781e+00
9.595820426940917969e+00
9.661586761474609375e+00
9.727175712585449219e+00
9.792556762695312500e+00
9.857703208923339844e+00
9.922585487365722656e+00
9.987174987792968750e+00
1.005144405364990234e+01
1.011536312103271484e+01
1.017890357971191406e+01
1.024203681945800781e+01
1.030473613739013672e+01
1.036697101593017578e+01
1.042871379852294922e+01
1.048993492126464844e+01
1.055060672760009766e+01
1.061070060729980469e+01
1.067018795013427734e+01
1.072904109954833984e+01
1.078722953796386719e+01
1.084472656250000000e+01
1.090150165557861328e+01
1.095752811431884766e+01
1.101277637481689453e+01
1.106721878051757812e+01
1.112082672119140625e+01
1.117356967926025391e+01
1.122542190551757812e+01
1.127635288238525391e+01
1.132633495330810547e+01
1.137533950805664062e+01
1.142333793640136719e+01
1.147030067443847656e+01
1.151620101928710938e+01
1.156100940704345703e+01
1.160469722747802734e+01
1.164723587036132812e+01
1.168859767913818359e+01
1.172875308990478516e+01
1.176767253875732422e+01
1.180533027648925781e+01
1.184169673919677734e+01
1.187674236297607422e+01
1.191044330596923828e+01
1.194279670715332031e+01
1.197379970550537109e+01
1.200345516204833984e+01
1.203176116943359375e+01
1.205871772766113281e+01
1.208432483673095703e+01
1.210858345031738281e+01
1.213149166107177734e+01
1.215305137634277344e+01
1.217326068878173828e+01
1.219212150573730469e+01
1.220963191986083984e+01
1.222579288482666016e+01
1.224060344696044922e+01
1.225406551361083984e+01
1.226617717742919922e+01
1.227693843841552734e+01
1.228634929656982422e+01
1.229441165924072266e+01
1.230112171173095703e+01
1.230648326873779297e+01
1.231049346923828125e+01
1.231315422058105469e+01
1.231446266174316406e+01
1.231442165374755859e+01
1.231303024291992188e+01
1.231028842926025391e+01
1.230619525909423828e+01
1.230075168609619141e+01
1.229395675659179688e+01
1.228581142425537109e+01
1.227631473541259766e+01
1.226546764373779297e+01
1.225326728820800781e+01
1.223971748352050781e+01
1.222481536865234375e+01
1.220856380462646484e+01
1.219095897674560547e+01
1.217200279235839844e+01
1.215169525146484375e+01
1.213003635406494141e+01
1.210702514648437500e+01
1.208266258239746094e+01
1.205694770812988281e+01
1.202988147735595703e+01
1.200146198272705078e+01
1.197169113159179688e+01
1.194056892395019531e+01
1.190809440612792969e+01
1.187427043914794922e+01
1.183911705017089844e+01
1.180265712738037109e+01
1.176491451263427734e+01
1.172590923309326172e+01
1.168566703796386719e+01
1.164420795440673828e+01
1.160155773162841797e+01
1.155773639678955078e+01
1.151276874542236328e+01
1.146667766571044922e+01
1.141948509216308594e+01
1.137121295928955078e+01
1.132188606262207031e+01
1.127152538299560547e+01
1.122015476226806641e+01
1.116779804229736328e+01
1.111447620391845703e+01
1.106021308898925781e+01
1.100503063201904297e+01
1.094895267486572266e+01
1.089200115203857422e+01
1.083419990539550781e+01
1.077557086944580078e+01
1.071613693237304688e+01
1.065592098236083984e+01
1.059494590759277344e+01
1.053323554992675781e+01
1.047081089019775391e+01
1.040769577026367188e+01
1.034391307830810547e+01
1.027948474884033203e+01
1.021443462371826172e+01
1.014878559112548828e+01
1.008255958557128906e+01
1.001577949523925781e+01
9.948469161987304688e+00
9.880650520324707031e+00
9.812346458435058594e+00
9.743580818176269531e+00
9.674374580383300781e+00
9.604751586914062500e+00
9.534734725952148438e+00
9.464346885681152344e+00
9.393610000610351562e+00
9.322547912597656250e+00
9.251184463500976562e+00
9.179539680480957031e+00
9.107637405395507812e+00
9.035501480102539062e+00
8.963154792785644531e+00
8.890617370605468750e+00
8.817914009094238281e+00
8.745064735412597656e+00
8.672093391418457031e+00
8.599021911621093750e+00
8.525872230529785156e+00
8.452666282653808594e+00
8.379426002502441406e+00
8.306175231933593750e+00
8.232933998107910156e+00
8.159727096557617188e+00
8.086573600769042969e+00
8.013498306274414062e+00
7.940521717071533203e+00
7.867667198181152344e+00
7.794955730438232422e+00
7.722411632537841797e+00
7.650054931640625000e+00
7.577908515930175781e+00
7.505995750427246094e+00
7.434337139129638672e+00
7.362956047058105469e+00
7.291873931884765625e+00
7.221113204956054688e+00
7.150696754455566406e+00
7.080646038055419922e+00
7.010982990264892578e+00
6.941730499267578125e+00
6.872910976409912109e+00
6.804546356201171875e+00
6.736658096313476562e+00
6.669268608093261719e+00
6.602401256561279297e+00
6.536077022552490234e+00
6.470318794250488281e+00
6.405148983001708984e+00
6.340589046478271484e+00
6.276661396026611328e+00
6.213388442993164062e+00
6.150792121887207031e+00
6.088894844055175781e+00
6.027719020843505859e+00
5.967287063598632812e+00
5.907619953155517578e+00
5.848741054534912109e+00
5.790672302246093750e+00
5.733436107635498047e+00
5.677053928375244141e+00
5.621548652648925781e+00
5.566938400268554688e+00
5.513231277465820312e+00
5.460429191589355469e+00
5.408535480499267578e+00
5.357553482055664062e+00
5.307486534118652344e+00
5.258337974548339844e+00
5.210111141204833984e+00
5.162808418273925781e+00
5.116433620452880859e+00
5.070990085601806641e+00
5.026481151580810547e+00
4.982908725738525391e+00
4.940278530120849609e+00
4.898591041564941406e+00
4.857851505279541016e+00
4.818061828613281250e+00
4.779226303100585938e+00
4.741347312927246094e+00
4.704428195953369141e+00
4.668472290039062500e+00
4.633483409881591797e+00
4.599464416503906250e+00
4.566417694091796875e+00
4.534347534179687500e+00
4.503256797790527344e+00
4.473148345947265625e+00
4.444025516510009766e+00
4.415892124176025391e+00
4.388751029968261719e+00
4.362605094909667969e+00
4.337458133697509766e+00
4.313313007354736328e+00
4.290173053741455078e+00
4.268041610717773438e+00
4.246921539306640625e+00
4.226816177368164062e+00
4.207728862762451172e+00
4.189662933349609375e+00
4.172621250152587891e+00
4.156607151031494141e+00
4.141623973846435547e+00
4.127675056457519531e+00
4.114763736724853516e+00
4.102892398834228516e+00
4.092065334320068359e+00
4.082284927368164062e+00
4.073554992675781250e+00
4.065877914428710938e+00
4.059257984161376953e+00
4.053694725036621094e+00
4.049176692962646484e+00
4.045689582824707031e+00
4.043218612670898438e+00
4.041749477386474609e+00
4.041266918182373047e+00
4.041757106781005859e+00
4.043205261230468750e+00
4.045596599578857422e+00
4.048916816711425781e+00
4.053151130676269531e+00
4.058284759521484375e+00
4.064303874969482422e+00
4.071193218231201172e+00
4.078938961029052734e+00
4.087526321411132812e+00
4.096939563751220703e+00
4.107165813446044922e+00
4.118189811706542969e+00
4.129996299743652344e+00
4.142571926116943359e+00
4.155901432037353516e+00
4.169970512390136719e+00
4.184763908386230469e+00
4.200267791748046875e+00
4.216467857360839844e+00
4.233348846435546875e+00
4.250896453857421875e+00
4.269095897674560547e+00
4.287933349609375000e+00
4.307393550872802734e+00
4.327462196350097656e+00
4.348124027252197266e+00
4.369365692138671875e+00
4.391171932220458984e+00
4.413528442382812500e+00
4.436419963836669922e+00
4.459832668304443359e+00
4.483751773834228516e+00
4.508162975311279297e+00
4.533051490783691406e+00
4.558402061462402344e+00
4.584201812744140625e+00
4.610434532165527344e+00
4.637086391448974609e+00
4.664142608642578125e+00
4.691588878631591797e+00
4.719410419464111328e+00
4.747592449188232422e+00
4.776121139526367188e+00
4.804980754852294922e+00
4.834155559539794922e+00
4.863628387451171875e+00
4.893382549285888672e+00
4.923400878906250000e+00
4.953667640686035156e+00
4.984165191650390625e+00
5.014876842498779297e+00
5.045785903930664062e+00
5.076876163482666016e+00
5.108129978179931641e+00
5.139531612396240234e+00
5.171062946319580078e+00
5.202708244323730469e+00
5.234450817108154297e+00
5.266273021697998047e+00
5.298158645629882812e+00
5.330090999603271484e+00
5.362053394317626953e+00
5.394028663635253906e+00
5.426000118255615234e+00
5.457951545715332031e+00
5.489865303039550781e+00
5.521725654602050781e+00
5.553514480590820312e+00
5.585216522216796875e+00
5.616813659667968750e+00
5.648290634155273438e+00
5.679629325866699219e+00
5.710813045501708984e+00
5.741826057434082031e+00
5.772650241851806641e+00
5.803269863128662109e+00
5.833667755126953125e+00
5.863827705383300781e+00
5.893732070922851562e+00
5.923364162445068359e+00
5.952708244323730469e+00
5.981746673583984375e+00
6.010462760925292969e+00
6.038839340209960938e+00
6.066861152648925781e+00
6.094509601593017578e+00
6.121768951416015625e+00
6.148622512817382812e+00
6.175052642822265625e+00
6.201043605804443359e+00
6.226578235626220703e+00
6.251639842987060547e+00
6.276211261749267578e+00
6.300277709960937500e+00
6.323832988739013672e+00
6.346871852874755859e+00
6.369389057159423828e+00
6.391380310058593750e+00
6.412840366363525391e+00
6.433763980865478516e+00
6.454146862030029297e+00
6.473984241485595703e+00
6.493269920349121094e+00
6.512000560760498047e+00
6.530170440673828125e+00
6.547775268554687500e+00
6.564809322357177734e+00
6.581267833709716797e+00
6.597146511077880859e+00
6.612440109252929688e+00
6.627143859863281250e+00
6.641252517700195312e+00
6.654761314392089844e+00
6.667665481567382812e+00
6.679960250854492188e+00
6.691639900207519531e+00
6.702701091766357422e+00
6.713137149810791016e+00
6.722944259643554688e+00
6.732117652893066406e+00
6.740651607513427734e+00
6.748542308807373047e+00
6.755783557891845703e+00
6.762371063232421875e+00
6.768300056457519531e+00
6.773566246032714844e+00
6.778163433074951172e+00
6.782086849212646484e+00
6.785333156585693359e+00
6.787896156311035156e+00
6.789770126342773438e+00
6.790952205657958984e+00
6.791436195373535156e+00
6.791217803955078125e+00
6.790291309356689453e+00
6.788652420043945312e+00
6.786295890808105469e+00
6.783217430114746094e+00
6.779412269592285156e+00
6.774873733520507812e+00
6.769598960876464844e+00
6.763582229614257812e+00
6.756818771362304688e+00
6.749305725097656250e+00
6.741049289703369141e+00
6.732058525085449219e+00
6.722341060638427734e+00
6.711905479431152344e+00
6.700760364532470703e+00
6.688914775848388672e+00
6.676376342773437500e+00
6.663154125213623047e+00
6.649255752563476562e+00
6.634690284729003906e+00
6.619466304779052734e+00
6.603591918945312500e+00
6.587075710296630859e+00
6.569926261901855469e+00
6.552151679992675781e+00
6.533760547637939453e+00
6.514760971069335938e+00
6.495162487030029297e+00
6.474973201751708984e+00
6.454200744628906250e+00
6.432853698730468750e+00
6.410941123962402344e+00
6.388471603393554688e+00
6.365452766418457031e+00
6.341893196105957031e+00
6.317802429199218750e+00
6.293187618255615234e+00
6.268057823181152344e+00
6.242421627044677734e+00
6.216287136077880859e+00
6.189662933349609375e+00
6.162557601928710938e+00
6.134979248046875000e+00
6.106936454772949219e+00
6.078437805175781250e+00
6.049491882324218750e+00
6.020106792449951172e+00
5.990291118621826172e+00
5.960053443908691406e+00
5.929401874542236328e+00
5.898344993591308594e+00
5.866891860961914062e+00
5.835050582885742188e+00
5.802828788757324219e+00
5.770235538482666016e+00
5.737280368804931641e+00
5.703969478607177734e+00
5.670313358306884766e+00
5.636319160461425781e+00
5.601996421813964844e+00
5.567357063293457031e+00
5.532412528991699219e+00
5.497175216674804688e+00
5.461656570434570312e+00
5.425869464874267578e+00
5.389825820922851562e+00
5.353537082672119141e+00
5.317016124725341797e+00
5.280274868011474609e+00
5.243324756622314453e+00
5.206178665161132812e+00
5.168848037719726562e+00
5.131345748901367188e+00
5.093682765960693359e+00
5.055872440338134766e+00
5.017925739288330078e+00
4.979855537414550781e+00
4.941672801971435547e+00
4.903391361236572266e+00
4.865021705627441406e+00
4.826576709747314453e+00
4.788067817687988281e+00
4.749507904052734375e+00
4.710908412933349609e+00
4.672282218933105469e+00
4.633639812469482422e+00
4.594995021820068359e+00
4.556359291076660156e+00
4.517744541168212891e+00
4.479162693023681641e+00
4.440626144409179688e+00
4.402146816253662109e+00
4.363737106323242188e+00
4.325408458709716797e+00
4.287173748016357422e+00
4.249044418334960938e+00
4.211032390594482422e+00
4.173150539398193359e+00
4.135410308837890625e+00
4.097824096679687500e+00
4.060403347015380859e+00
4.023160934448242188e+00
3.986108541488647461e+00
3.949258804321289062e+00
3.912622690200805664e+00
3.876213312149047852e+00
3.840042114257812500e+00
3.804121732711791992e+00
3.768463850021362305e+00
3.733079195022583008e+00
3.697974681854248047e+00
3.663155555725097656e+00
3.628626823425292969e+00
3.594394683837890625e+00
3.560463905334472656e+00
3.526839494705200195e+00
3.493527412414550781e+00
3.460533142089843750e+00
3.427861213684082031e+00
3.395517826080322266e+00
3.363508224487304688e+00
3.331837177276611328e+00
3.300510644912719727e+00
3.269533634185791016e+00
3.238911628723144531e+00
3.208650350570678711e+00
3.178754568099975586e+00
3.149229764938354492e+00
3.120081663131713867e+00
3.091315031051635742e+00
3.062935829162597656e+00
3.034949302673339844e+00
3.007360219955444336e+00
2.980174779891967773e+00
2.953397750854492188e+00
2.927034854888916016e+00
2.901091098785400391e+00
2.875572204589843750e+00
2.850483179092407227e+00
2.825829744338989258e+00
2.801617145538330078e+00
2.777850151062011719e+00
2.754535198211669922e+00
2.731676816940307617e+00
2.709280729293823242e+00
2.687352180480957031e+00
2.665896654129028320e+00
2.644919157028198242e+00
2.624425411224365234e+00
2.604420661926269531e+00
2.584910392761230469e+00
2.565899610519409180e+00
2.547394037246704102e+00
2.529398918151855469e+00
2.511919498443603516e+00
2.494961261749267578e+00
2.478529453277587891e+00
2.462629556655883789e+00
2.447267055511474609e+00
2.432445049285888672e+00
2.418161153793334961e+00
2.404409885406494141e+00
2.391186475753784180e+00
2.378486156463623047e+00
2.366303682327270508e+00
2.354634761810302734e+00
2.343473911285400391e+00
2.332816600799560547e+00
2.322658061981201172e+00
2.312992572784423828e+00
2.303816318511962891e+00
2.295123577117919922e+00
2.286910057067871094e+00
2.279170274734497070e+00
2.271899938583374023e+00
2.265093564987182617e+00
2.258746862411499023e+00
2.252854585647583008e+00
2.247411727905273438e+00
2.242413520812988281e+00
2.237855195999145508e+00
2.233731746673583984e+00
2.230038166046142578e+00
2.226769685745239258e+00
2.223921537399291992e+00
2.221488714218139648e+00
2.219466209411621094e+00
2.217849254608154297e+00
2.216632843017578125e+00
2.215812206268310547e+00
2.215382337570190430e+00
2.215338468551635742e+00
2.215675592422485352e+00
2.216388702392578125e+00
2.217473506927490234e+00
2.218924283981323242e+00
2.220736503601074219e+00
2.222905397415161133e+00
2.225425958633422852e+00
2.228293180465698242e+00
2.231502294540405273e+00
2.235048294067382812e+00
2.238926649093627930e+00
2.243131875991821289e+00
2.247659683227539062e+00
2.252504587173461914e+00
2.257662296295166016e+00
2.263127326965332031e+00
2.268895149230957031e+00
2.274960756301879883e+00
2.281317949295043945e+00
2.287961244583129883e+00
2.294884443283081055e+00
2.302081584930419922e+00
2.309546947479248047e+00
2.317274093627929688e+00
2.325257539749145508e+00
2.333491086959838867e+00
2.341968774795532227e+00
2.350684881210327148e+00
2.359633207321166992e+00
2.368807554244995117e+00
2.378202676773071289e+00
2.387811899185180664e+00
2.397629976272583008e+00
2.407650232315063477e+00
2.417867422103881836e+00
2.428274631500244141e+00
2.438867092132568359e+00
2.449637889862060547e+00
2.460581302642822266e+00
2.471691846847534180e+00
2.482963085174560547e+00
2.494389057159423828e+00
2.505964040756225586e+00
2.517681837081909180e+00
2.529536724090576172e+00
2.541522741317749023e+00
2.553633689880371094e+00
2.565863847732543945e+00
2.578207254409790039e+00
2.590657711029052734e+00
2.603209257125854492e+00
2.615856409072875977e+00
2.628592967987060547e+00
2.641412734985351562e+00
2.654309988021850586e+00
2.667278528213500977e+00
2.680312871932983398e+00
2.693406581878662109e+00
2.706553936004638672e+00
2.719748973846435547e+00
2.732985734939575195e+00
2.746258020401000977e+00
2.759560346603393555e+00
2.772886514663696289e+00
2.786230325698852539e+00
2.799586057662963867e+00
2.812947988510131836e+00
