# te
3.276370763778686523e+00
4.062737941741943359e+00
4.131960391998291016e+00
3.786289215087890625e+00
3.255403280258178711e+00
2.682987213134765625e+00
2.154624938964843750e+00
1.712625384330749512e+00
1.377992272377014160e+00
1.156318902969360352e+00
1.042207598686218262e+00
1.008417963981628418e+00
1.025212168693542480e+00
1.074010372161865234e+00
1.139728546142578125e+00
1.210109114646911621e+00
1.274888753890991211e+00
1.328958153724670410e+00
1.370601058006286621e+00
1.406520843505859375e+00
1.444025993347167969e+00
1.484424948692321777e+00
1.527927279472351074e+00
1.576346039772033691e+00
1.630717039108276367e+00
1.687362790107727051e+00
1.741789698600769043e+00
1.790953874588012695e+00
1.832265019416809082e+00
1.863493442535400391e+00
1.882526516914367676e+00
1.887354373931884766e+00
1.877457737922668457e+00
1.858174324035644531e+00
1.834340691566467285e+00
1.802931427955627441e+00
1.760218024253845215e+00
1.707522630691528320e+00
1.647429347038269043e+00
1.581659317016601562e+00
1.508479714393615723e+00
1.425294041633605957e+00
1.329506516456604004e+00
1.218520522117614746e+00
1.090474128723144531e+00
9.464425444602966309e-01
7.882352471351623535e-01
6.176618337631225586e-01
4.365316629409790039e-01
2.461636066436767578e-01
4.591394215822219849e-02
-1.653517037630081177e-01
-3.887676894664764404e-01
-6.254683732986450195e-01
-8.763815164566040039e-01
-1.141608119010925293e+00
-1.421042680740356445e+00
-1.714579820632934570e+00
-2.022113561630249023e+00
-2.343518972396850586e+00
-2.678592920303344727e+00
-3.027112007141113281e+00
-3.388853311538696289e+00
-3.763593435287475586e+00
-4.151065349578857422e+00
-4.550823688507080078e+00
-4.962377548217773438e+00
-5.385238647460937500e+00
-5.818915367126464844e+00
-6.263082981109619141e+00
-6.718069076538085938e+00
-7.184367179870605469e+00
-7.662468910217285156e+00
-8.152867317199707031e+00
-8.655853271484375000e+00
-9.170913696289062500e+00
-9.697335243225097656e+00
-1.023440170288085938e+01
-1.078139972686767578e+01
-1.133764648437500000e+01
-1.190258216857910156e+01
-1.247567844390869141e+01
-1.305640697479248047e+01
-1.364424133300781250e+01
-1.423871040344238281e+01
-1.483958911895751953e+01
-1.544670677185058594e+01
-1.605989837646484375e+01
-1.667899131774902344e+01
-1.730376434326171875e+01
-1.793376350402832031e+01
-1.856848144531250000e+01
-1.920740509033203125e+01
-1.985002899169921875e+01
-2.049584197998046875e+01
-2.114433670043945312e+01
-2.179500389099121094e+01
-2.244733047485351562e+01
-2.310081100463867188e+01
-2.375493621826171875e+01
-2.440919685363769531e+01
-2.506308174133300781e+01
-2.571608352661132812e+01
-2.636769294738769531e+01
-2.701740074157714844e+01
-2.766469764709472656e+01
-2.830907440185546875e+01
-2.895001983642578125e+01
-2.958702659606933594e+01
-3.021957969665527344e+01
-3.084711647033691406e+01
-3.146907615661621094e+01
-3.208489227294921875e+01
-3.269400405883789062e+01
-3.329584121704101562e+01
-3.388983917236328125e+01
-3.447543334960937500e+01
-3.505205917358398438e+01
-3.561915588378906250e+01
-3.617614746093750000e+01
-3.672248077392578125e+01
-3.725758361816406250e+01
-3.778089141845703125e+01
-3.829184341430664062e+01
-3.878986740112304688e+01
-3.927440643310546875e+01
-3.974488830566406250e+01
-4.020075225830078125e+01
-4.064142990112304688e+01
-4.106638336181640625e+01
-4.147515106201171875e+01
-4.186729049682617188e+01
-4.224237442016601562e+01
-4.259996032714843750e+01
-4.293960952758789062e+01
-4.326088714599609375e+01
-4.356335830688476562e+01
-4.384658432006835938e+01
-4.411012649536132812e+01
-4.435354614257812500e+01
-4.457641601562500000e+01
-4.477828598022460938e+01
-4.495872497558593750e+01
-4.511730194091796875e+01
-4.525356674194335938e+01
-4.536709594726562500e+01
-4.545744323730468750e+01
-4.552417755126953125e+01
-4.556685638427734375e+01
-4.558509063720703125e+01
-4.557870864868164062e+01
-4.554756164550781250e+01
-4.549151611328125000e+01
-4.541043853759765625e+01
-4.530419921875000000e+01
-4.517265319824218750e+01
-4.501567077636718750e+01
-4.483311843872070312e+01
-4.462485504150390625e+01
-4.439074707031250000e+01
-4.413066101074218750e+01
-4.384445571899414062e+01
-4.353200531005859375e+01
-4.319316864013671875e+01
-4.282780838012695312e+01
-4.243579483032226562e+01
-4.201698684692382812e+01
-4.157125473022460938e+01
-4.109845733642578125e+01
-4.059846496582031250e+01
-4.007113647460937500e+01
-3.951634216308593750e+01
-3.893394470214843750e+01
-3.832380294799804688e+01
-3.768584060668945312e+01
-3.702016067504882812e+01
-3.632693099975585938e+01
-3.560630798339843750e+01
-3.485845565795898438e+01
-3.408353424072265625e+01
-3.328170394897460938e+01
-3.245312881469726562e+01
-3.159796524047851562e+01
-3.071637916564941406e+01
-2.980853080749511719e+01
-2.887457847595214844e+01
-2.791468620300292969e+01
-2.692901229858398438e+01
-2.591772079467773438e+01
-2.488097000122070312e+01
-2.381892395019531250e+01
-2.273174285888671875e+01
-2.161958885192871094e+01
-2.048261833190917969e+01
-1.932099914550781250e+01
-1.813488769531250000e+01
-1.692444610595703125e+01
-1.568983554840087891e+01
-1.443121814727783203e+01
-1.314884090423583984e+01
-1.184329795837402344e+01
-1.051526832580566406e+01
-9.165431022644042969e+00
-7.794466972351074219e+00
-6.403055667877197266e+00
-4.991875648498535156e+00
-3.561608791351318359e+00
-2.112933158874511719e+00
-6.465292572975158691e-01
8.369233012199401855e-01
2.336745023727416992e+00
3.852255582809448242e+00
5.382775306701660156e+00
6.927625179290771484e+00
8.486124992370605469e+00
1.005759429931640625e+01
1.164135456085205078e+01
1.323672485351562500e+01
1.484302711486816406e+01
1.645957946777343750e+01
1.808570289611816406e+01
1.972072029113769531e+01
2.136394500732421875e+01
2.301470565795898438e+01
2.467231750488281250e+01
2.633610153198242188e+01
2.800538063049316406e+01
2.967947006225585938e+01
3.135769271850585938e+01
3.303936767578125000e+01
3.472381973266601562e+01
3.641036605834960938e+01
3.809832763671875000e+01
3.978701782226562500e+01
4.147576522827148438e+01
4.316389083862304688e+01
4.485071182250976562e+01
4.653554534912109375e+01
4.821771621704101562e+01
4.989653778076171875e+01
5.157134246826171875e+01
5.324143981933593750e+01
5.490615463256835938e+01
5.656480789184570312e+01
5.821671676635742188e+01
5.986120223999023438e+01
6.149758911132812500e+01
6.312519454956054688e+01
6.474333190917968750e+01
6.635134124755859375e+01
6.794860839843750000e+01
6.953451538085937500e+01
7.110847473144531250e+01
7.266985321044921875e+01
7.421807098388671875e+01
7.575251770019531250e+01
7.727258300781250000e+01
7.877764892578125000e+01
8.026712799072265625e+01
8.174040222167968750e+01
8.319688415527343750e+01
8.463594818115234375e+01
8.605699920654296875e+01
8.745942687988281250e+01
8.884262847900390625e+01
9.020599365234375000e+01
9.154891967773437500e+01
9.287080383300781250e+01
9.417103576660156250e+01
9.544901275634765625e+01
9.670412445068359375e+01
9.793576812744140625e+01
9.914334106445312500e+01
1.003262405395507812e+02
1.014838485717773438e+02
1.026155700683593750e+02
1.037207870483398438e+02
1.047989120483398438e+02
1.058493194580078125e+02
1.068714218139648438e+02
1.078646011352539062e+02
1.088282546997070312e+02
1.097617721557617188e+02
1.106645660400390625e+02
1.115360107421875000e+02
1.123755111694335938e+02
1.131824493408203125e+02
1.139562454223632812e+02
1.146962585449218750e+02
1.154019088745117188e+02
1.160725784301757812e+02
1.167076644897460938e+02
1.173065643310546875e+02
1.178686676025390625e+02
1.183933792114257812e+02
1.188800888061523438e+02
1.193281784057617188e+02
1.197370529174804688e+02
1.201061019897460938e+02
1.204348602294921875e+02
1.207233963012695312e+02
1.209719085693359375e+02
1.211805877685546875e+02
1.213496551513671875e+02
1.214792861938476562e+02
1.215697021484375000e+02
1.216210937500000000e+02
1.216336669921875000e+02
1.216076278686523438e+02
1.215431671142578125e+02
1.214404907226562500e+02
1.212998046875000000e+02
1.211212997436523438e+02
1.209051895141601562e+02
1.206516647338867188e+02
1.203609313964843750e+02
1.200331802368164062e+02
1.196686401367187500e+02
1.192674713134765625e+02
1.188299179077148438e+02
1.183561553955078125e+02
1.178463821411132812e+02
1.173008117675781250e+02
1.167196426391601562e+02
1.161030654907226562e+02
1.154512939453125000e+02
1.147645263671875000e+02
1.140429611206054688e+02
1.132868041992187500e+02
1.124962539672851562e+02
1.116715087890625000e+02
1.108127822875976562e+02
1.099202575683593750e+02
1.089941329956054688e+02
1.080346298217773438e+02
1.070419387817382812e+02
1.060162734985351562e+02
1.049578018188476562e+02
1.038667678833007812e+02
1.027433395385742188e+02
1.015877304077148438e+02
1.004001464843750000e+02
9.918077850341796875e+01
9.792984008789062500e+01
9.664751434326171875e+01
9.533402252197265625e+01
9.398955535888671875e+01
9.261431121826171875e+01
9.120849609375000000e+01
8.977241516113281250e+01
8.830678558349609375e+01
8.681243133544921875e+01
8.529018402099609375e+01
8.374085235595703125e+01
8.216527557373046875e+01
8.056427001953125000e+01
7.893865966796875000e+01
7.728926086425781250e+01
7.561691284179687500e+01
7.392242431640625000e+01
7.220663452148437500e+01
7.047035217285156250e+01
6.871440887451171875e+01
6.693962860107421875e+01
6.514683532714843750e+01
6.333684158325195312e+01
6.151049041748046875e+01
5.966858673095703125e+01
5.781196975708007812e+01
5.594145202636718750e+01
5.405786895751953125e+01
5.216203308105468750e+01
5.025477218627929688e+01
4.833690643310546875e+01
4.640926742553710938e+01
4.447267150878906250e+01
4.252794647216796875e+01
4.057591247558593750e+01
3.861739730834960938e+01
3.665322494506835938e+01
3.468421554565429688e+01
3.271119689941406250e+01
3.073498725891113281e+01
2.875641441345214844e+01
2.677630043029785156e+01
2.479547119140625000e+01
2.281474685668945312e+01
2.083495521545410156e+01
1.885691642761230469e+01
1.688145637512207031e+01
1.490939998626708984e+01
1.294156646728515625e+01
1.097878360748291016e+01
9.021873474121093750e+00
7.071659564971923828e+00
5.128966808319091797e+00
3.194618225097656250e+00
1.269437432289123535e+00
-6.457517147064208984e-01
-2.550168037414550781e+00
-4.443202018737792969e+00
-6.324285030364990234e+00
-8.192851066589355469e+00
-1.004833030700683594e+01
-1.189015769958496094e+01
-1.371776485443115234e+01
-1.553058338165283203e+01
-1.732804679870605469e+01
-1.910958862304687500e+01
-2.087463760375976562e+01
-2.262262916564941406e+01
-2.435299682617187500e+01
-2.606517028808593750e+01
-2.775858497619628906e+01
-2.943266868591308594e+01
-3.108686065673828125e+01
-3.272058486938476562e+01
-3.433328247070312500e+01
-3.592438125610351562e+01
-3.749331665039062500e+01
-3.903951644897460938e+01
-4.056241607666015625e+01
-4.206145095825195312e+01
-4.353604888916015625e+01
-4.498564147949218750e+01
-4.640966415405273438e+01
-4.780754852294921875e+01
-4.917873001098632812e+01
-5.052263641357421875e+01
-5.183870315551757812e+01
-5.312636566162109375e+01
-5.438504409790039062e+01
-5.561418533325195312e+01
-5.681321334838867188e+01
-5.798156738281250000e+01
-5.911867523193359375e+01
-6.022396850585937500e+01
-6.129688262939453125e+01
-6.233684921264648438e+01
-6.334329986572265625e+01
-6.431565856933593750e+01
-6.525337982177734375e+01
-6.615587615966796875e+01
-6.702259063720703125e+01
-6.785295104980468750e+01
-6.864639282226562500e+01
-6.940234375000000000e+01
-7.012023925781250000e+01
-7.079951477050781250e+01
-7.143973541259765625e+01
-7.204105377197265625e+01
-7.260373687744140625e+01
-7.312807464599609375e+01
-7.361434173583984375e+01
-7.406282806396484375e+01
-7.447380065917968750e+01
-7.484755706787109375e+01
-7.518437194824218750e+01
-7.548451232910156250e+01
-7.574827575683593750e+01
-7.597593688964843750e+01
-7.616777801513671875e+01
-7.632408142089843750e+01
-7.644512176513671875e+01
-7.653118133544921875e+01
-7.658255004882812500e+01
-7.659949493408203125e+01
-7.658230590820312500e+01
-7.653126525878906250e+01
-7.644664764404296875e+01
-7.632873535156250000e+01
-7.617780303955078125e+01
-7.599414825439453125e+01
-7.577804565429687500e+01
-7.552976989746093750e+01
-7.524959564208984375e+01
-7.493782043457031250e+01
-7.459471130371093750e+01
-7.422055816650390625e+01
-7.381564331054687500e+01
-7.338023376464843750e+01
-7.291462707519531250e+01
-7.241909790039062500e+01
-7.189392089843750000e+01
-7.133937835693359375e+01
-7.075576019287109375e+01
-7.014333343505859375e+01
-6.950239562988281250e+01
-6.883320617675781250e+01
-6.813607025146484375e+01
-6.741125488281250000e+01
-6.665904235839843750e+01
-6.587970733642578125e+01
-6.507354736328125000e+01
-6.424081420898437500e+01
-6.338182449340820312e+01
-6.249683761596679688e+01
-6.158614349365234375e+01
-6.065000915527343750e+01
-5.968881225585937500e+01
-5.870327377319335938e+01
-5.769418334960937500e+01
-5.666235351562500000e+01
-5.560857772827148438e+01
-5.453367233276367188e+01
-5.343842315673828125e+01
-5.232364273071289062e+01
-5.119013595581054688e+01
-5.003870010375976562e+01
-4.887013626098632812e+01
-4.768524932861328125e+01
-4.648484039306640625e+01
-4.526971817016601562e+01
-4.404067611694335938e+01
-4.279851913452148438e+01
-4.154405593872070312e+01
-4.027807998657226562e+01
-3.900140380859375000e+01
-3.771481704711914062e+01
-3.641913604736328125e+01
-3.511515045166015625e+01
-3.380367279052734375e+01
-3.248550033569335938e+01
-3.116143798828125000e+01
-2.983228683471679688e+01
-2.849884796142578125e+01
-2.716192817687988281e+01
-2.582232666015625000e+01
-2.448084449768066406e+01
-2.313828849792480469e+01
-2.179545974731445312e+01
-2.045315742492675781e+01
-1.911218643188476562e+01
-1.777334976196289062e+01
-1.643745040893554688e+01
-1.510528850555419922e+01
-1.377766799926757812e+01
-1.245539188385009766e+01
-1.113926124572753906e+01
-9.830080986022949219e+00
-8.528649330139160156e+00
-7.235773563385009766e+00
-5.952252864837646484e+00
-4.678891181945800781e+00
-3.416490077972412109e+00
-2.165853023529052734e+00
-9.277819991111755371e-01
2.969206273555755615e-01
1.507452249526977539e+00
2.703068256378173828e+00
3.883256912231445312e+00
5.047563076019287109e+00
6.195533275604248047e+00
7.326713085174560547e+00
8.440648078918457031e+00
9.536884307861328125e+00
1.061496734619140625e+01
1.167444324493408203e+01
1.271485710144042969e+01
1.373575496673583984e+01
1.473668384552001953e+01
1.571718692779541016e+01
1.667681121826171875e+01
1.761510467529296875e+01
1.853161048889160156e+01
1.942587471008300781e+01
2.029744338989257812e+01
2.114586257934570312e+01
2.197067642211914062e+01
2.277143287658691406e+01
2.354767799377441406e+01
2.429895401000976562e+01
2.502481269836425781e+01
2.572479248046875000e+01
2.639844512939453125e+01
2.704531478881835938e+01
2.766494560241699219e+01
2.825688171386718750e+01
2.882067489624023438e+01
2.935586738586425781e+01
2.986200332641601562e+01
3.033863067626953125e+01
3.078529548645019531e+01
3.120154190063476562e+01
3.158691787719726562e+01
3.194096755981445312e+01
3.226323699951171875e+01
3.255327224731445312e+01
3.281061553955078125e+01
3.303481674194335938e+01
3.322542572021484375e+01
3.338198089599609375e+01
3.350402832031250000e+01
3.359111785888671875e+01
3.364279174804687500e+01
3.365859985351562500e+01
3.363808441162109375e+01
3.358079147338867188e+01
3.348626708984375000e+01
3.335419464111328125e+01
3.318480300903320312e+01
3.297845840454101562e+01
3.273553085327148438e+01
3.245637893676757812e+01
3.214137649536132812e+01
3.179088401794433594e+01
3.140527343750000000e+01
3.098490715026855469e+01
3.053015518188476562e+01
3.004137611389160156e+01
2.951894760131835938e+01
2.896322631835937500e+01
2.837458229064941406e+01
2.775338363647460938e+01
2.709999084472656250e+01
2.641477966308593750e+01
2.569810867309570312e+01
2.495034599304199219e+01
2.417185974121093750e+01
2.336301612854003906e+01
2.252417945861816406e+01
2.165571594238281250e+01
2.075799369812011719e+01
1.983137893676757812e+01
1.887623786926269531e+01
1.789293670654296875e+01
1.688184165954589844e+01
1.584331798553466797e+01
1.477773380279541016e+01
1.368545532226562500e+01
1.256684780120849609e+01
1.142227745056152344e+01
1.025211238861083984e+01
9.056717872619628906e+00
7.836459159851074219e+00
6.591704368591308594e+00
5.322819232940673828e+00
4.030169486999511719e+00
2.714122772216796875e+00
1.375044345855712891e+00
1.330090407282114029e-02
-1.370741248130798340e+00
-2.776715755462646484e+00
-4.204256057739257812e+00
-5.652996063232421875e+00
-7.122569561004638672e+00
-8.612609863281250000e+00
-1.012275123596191406e+01
-1.165262603759765625e+01
-1.320179843902587891e+01
-1.476954269409179688e+01
-1.635506820678710938e+01
-1.795757675170898438e+01
-1.957627296447753906e+01
-2.121036911010742188e+01
-2.285906410217285156e+01
-2.452156639099121094e+01
-2.619707870483398438e+01
-2.788481140136718750e+01
-2.958396530151367188e+01
-3.129375076293945312e+01
-3.301336669921875000e+01
-3.474202346801757812e+01
-3.647892761230468750e+01
-3.822328567504882812e+01
-3.997429275512695312e+01
-4.173116683959960938e+01
-4.349310684204101562e+01
-4.525931549072265625e+01
-4.702901077270507812e+01
-4.880138397216796875e+01
-5.057564926147460938e+01
-5.235100936889648438e+01
-5.412667083740234375e+01
-5.590184020996093750e+01
-5.767572021484375000e+01
-5.944750976562500000e+01
-6.121643066406250000e+01
-6.298167800903320312e+01
-6.474246215820312500e+01
-6.649797821044921875e+01
-6.824744415283203125e+01
-6.999005889892578125e+01
-7.172502899169921875e+01
-7.345156097412109375e+01
-7.516886138916015625e+01
-7.687613677978515625e+01
-7.857258605957031250e+01
-8.025742340087890625e+01
-8.192984008789062500e+01
-8.358906555175781250e+01
-8.523427581787109375e+01
-8.686470794677734375e+01
-8.847953796386718750e+01
-9.007798767089843750e+01
-9.165926361083984375e+01
-9.322257232666015625e+01
-9.476710510253906250e+01
-9.629208374023437500e+01
-9.779676055908203125e+01
-9.928067779541015625e+01
-1.007434082031250000e+02
-1.021845397949218750e+02
-1.036036605834960938e+02
-1.050003585815429688e+02
-1.063742218017578125e+02
-1.077248229980468750e+02
-1.090517654418945312e+02
-1.103546295166015625e+02
-1.116330032348632812e+02
-1.128864669799804688e+02
-1.141146087646484375e+02
-1.153170166015625000e+02
-1.164932785034179688e+02
-1.176429748535156250e+02
-1.187656936645507812e+02
-1.198610229492187500e+02
-1.209285430908203125e+02
-1.219678573608398438e+02
-1.229785461425781250e+02
-1.239601745605468750e+02
-1.249123458862304688e+02
-1.258346557617187500e+02
-1.267266769409179688e+02
-1.275879974365234375e+02
-1.284181976318359375e+02
-1.292168731689453125e+02
-1.299836120605468750e+02
-1.307180023193359375e+02
-1.314196166992187500e+02
-1.320880279541015625e+02
-1.327228698730468750e+02
-1.333236846923828125e+02
-1.338900909423828125e+02
-1.344216613769531250e+02
-1.349179687500000000e+02
-1.353786163330078125e+02
-1.358031768798828125e+02
-1.361912536621093750e+02
-1.365424346923828125e+02
-1.368562774658203125e+02
-1.371323852539062500e+02
-1.373703460693359375e+02
-1.375697631835937500e+02
-1.377301940917968750e+02
-1.378512268066406250e+02
-1.379324645996093750e+02
-1.379734954833984375e+02
-1.379738922119140625e+02
-1.379333648681640625e+02
-1.378521423339843750e+02
-1.377306213378906250e+02
-1.375691375732421875e+02
-1.373680572509765625e+02
-1.371277313232421875e+02
-1.368485412597656250e+02
-1.365308380126953125e+02
-1.361749572753906250e+02
-1.357812957763671875e+02
-1.353502349853515625e+02
-1.348820648193359375e+02
-1.343772125244140625e+02
-1.338360137939453125e+02
-1.332588348388671875e+02
-1.326460266113281250e+02
-1.319979553222656250e+02
-1.313149871826171875e+02
-1.305974884033203125e+02
-1.298458099365234375e+02
-1.290603179931640625e+02
-1.282413787841796875e+02
-1.273893356323242188e+02
-1.265045700073242188e+02
-1.255874328613281250e+02
-1.246382904052734375e+02
-1.236575012207031250e+02
-1.226454162597656250e+02
-1.216024322509765625e+02
-1.205288772583007812e+02
-1.194251174926757812e+02
-1.182915267944335938e+02
-1.171284484863281250e+02
-1.159362716674804688e+02
-1.147153320312500000e+02
-1.134660034179687500e+02
-1.121886444091796875e+02
-1.108836059570312500e+02
-1.095512771606445312e+02
-1.081919860839843750e+02
-1.068061218261718750e+02
-1.053940277099609375e+02
-1.039560699462890625e+02
-1.024926223754882812e+02
-1.010040283203125000e+02
-9.949066162109375000e+01
-9.795287322998046875e+01
-9.639103698730468750e+01
-9.480550384521484375e+01
-9.319664001464843750e+01
-9.156488037109375000e+01
-8.991091918945312500e+01
-8.823551940917968750e+01
-8.653946685791015625e+01
-8.482353210449218750e+01
-8.308848571777343750e+01
-8.133508300781250000e+01
-7.956410217285156250e+01
-7.777632141113281250e+01
-7.597251129150390625e+01
-7.415343475341796875e+01
-7.231986236572265625e+01
-7.047257232666015625e+01
-6.861232757568359375e+01
-6.673989868164062500e+01
-6.485607147216796875e+01
-6.296158981323242188e+01
-6.105724716186523438e+01
-5.914380645751953125e+01
-5.722203445434570312e+01
-5.529270553588867188e+01
-5.335659027099609375e+01
-5.141446304321289062e+01
-4.946708297729492188e+01
-4.751523590087890625e+01
-4.555967712402343750e+01
-4.360119247436523438e+01
-4.164054107666015625e+01
-3.967849731445312500e+01
-3.771583175659179688e+01
-3.575331497192382812e+01
-3.379172134399414062e+01
-3.183181381225585938e+01
-2.987436866760253906e+01
-2.792015647888183594e+01
-2.596994400024414062e+01
-2.402450561523437500e+01
-2.208461189270019531e+01
-2.015102958679199219e+01
-1.822453308105468750e+01
-1.630589294433593750e+01
-1.439587783813476562e+01
-1.249525928497314453e+01
-1.060480690002441406e+01
-8.725294113159179688e+00
-6.857488155364990234e+00
-5.002162456512451172e+00
-3.160085678100585938e+00
-1.332029461860656738e+00
4.812357425689697266e-01
2.278995990753173828e+00
4.060762882232666016e+00
5.826105594635009766e+00
7.574591636657714844e+00
9.305789947509765625e+00
1.101926898956298828e+01
1.271459674835205078e+01
1.439134120941162109e+01
1.604907226562500000e+01
1.768735885620117188e+01
1.930576705932617188e+01
2.090386390686035156e+01
2.248122215270996094e+01
2.403740882873535156e+01
2.557199287414550781e+01
2.708453941345214844e+01
2.857462120056152344e+01
3.004180145263671875e+01
3.148565483093261719e+01
3.290574645996093750e+01
3.430164337158203125e+01
3.567291641235351562e+01
3.701913070678710938e+01
3.833985900878906250e+01
3.963467025756835938e+01
4.090312957763671875e+01
4.214480209350585938e+01
4.335926437377929688e+01
4.454607772827148438e+01
4.570481872558593750e+01
4.683504867553710938e+01
4.793633651733398438e+01
4.900825119018554688e+01
5.005036544799804688e+01
5.106224441528320312e+01
5.204345321655273438e+01
5.299356460571289062e+01
5.391214752197265625e+01
5.479877090454101562e+01
5.565299606323242188e+01
5.647440338134765625e+01
5.726254653930664062e+01
5.801700592041015625e+01
5.873734283447265625e+01
5.942313385009765625e+01
6.007393646240234375e+01
6.068932723999023438e+01
6.126887130737304688e+01
6.181213760375976562e+01
6.231869888305664062e+01
6.278823089599609375e+01
6.322089004516601562e+01
6.361691665649414062e+01
6.397659301757812500e+01
6.430016326904296875e+01
6.458788299560546875e+01
6.484003448486328125e+01
6.505685424804687500e+01
6.523861694335937500e+01
6.538557434082031250e+01
6.549799346923828125e+01
6.557611846923828125e+01
6.562023162841796875e+01
6.563057708740234375e+01
6.560742187500000000e+01
6.555102539062500000e+01
6.546163940429687500e+01
6.533953094482421875e+01
6.518495178222656250e+01
6.499817657470703125e+01
6.477944946289062500e+01
6.452903747558593750e+01
6.424720764160156250e+01
6.393420791625976562e+01
6.359030532836914062e+01
6.321575164794921875e+01
6.281081008911132812e+01
6.237574768066406250e+01
6.191081237792968750e+01
6.141627883911132812e+01
6.089239120483398438e+01
6.033941650390625000e+01
5.975761795043945312e+01
5.914724731445312500e+01
5.850857543945312500e+01
5.784184265136718750e+01
5.714733505249023438e+01
5.642528915405273438e+01
5.567597961425781250e+01
5.489965438842773438e+01
5.409659194946289062e+01
5.326702880859375000e+01
5.241123962402343750e+01
5.152947998046875000e+01
5.062201309204101562e+01
4.968909072875976562e+01
4.873098373413085938e+01
4.774793624877929688e+01
4.674022674560546875e+01
4.570809936523437500e+01
4.465188598632812500e+01
4.357215499877929688e+01
4.246954345703125000e+01
4.134467697143554688e+01
4.019819641113281250e+01
3.903073501586914062e+01
3.784292602539062500e+01
3.663540267944335938e+01
3.540880203247070312e+01
3.416375350952148438e+01
3.290089035034179688e+01
3.162085342407226562e+01
3.032427024841308594e+01
2.901177978515625000e+01
2.768401145935058594e+01
2.634160232543945312e+01
2.498518371582031250e+01
2.361539268493652344e+01
2.223286437988281250e+01
2.083822631835937500e+01
1.943211746215820312e+01
1.801517105102539062e+01
1.658802032470703125e+01
1.515130043029785156e+01
1.370564365386962891e+01
1.225168609619140625e+01
1.079006004333496094e+01
9.321399688720703125e+00
7.846339702606201172e+00
6.365513801574707031e+00
4.879556179046630859e+00
3.389099836349487305e+00
1.894779920578002930e+00
3.972298800945281982e-01
-1.102916121482849121e+00
-2.605024337768554688e+00
-4.108460426330566406e+00
-5.612590789794921875e+00
-7.116781711578369141e+00
-8.620398521423339844e+00
-1.012280654907226562e+01
-1.162337398529052734e+01
-1.312146472930908203e+01
-1.461644554138183594e+01
-1.610768318176269531e+01
-1.759454154968261719e+01
-1.907639122009277344e+01
-2.055259132385253906e+01
-2.202251434326171875e+01
-2.348552322387695312e+01
-2.494102096557617188e+01
-2.638856887817382812e+01
-2.782775688171386719e+01
-2.925818634033203125e+01
-3.067945098876953125e+01
-3.209114456176757812e+01
-3.349286270141601562e+01
-3.488420486450195312e+01
-3.626476287841796875e+01
-3.763413619995117188e+01
-3.899191284179687500e+01
-4.033769607543945312e+01
-4.167107391357421875e+01
-4.299165344238281250e+01
-4.429901885986328125e+01
-4.559276962280273438e+01
-4.687250518798828125e+01
-4.813781356811523438e+01
-4.938829803466796875e+01
-5.062355041503906250e+01
-5.184316635131835938e+01
-5.304674148559570312e+01
-5.423387145996093750e+01
-5.540415573120117188e+01
-5.655717468261718750e+01
-5.769254684448242188e+01
-5.880985260009765625e+01
-5.990869522094726562e+01
-6.098865509033203125e+01
-6.204935073852539062e+01
-6.309036254882812500e+01
-6.411128997802734375e+01
-6.511171722412109375e+01
-6.609127044677734375e+01
-6.704951477050781250e+01
-6.798605346679687500e+01
-6.890048980712890625e+01
-6.979241180419921875e+01
-7.066142272949218750e+01
-7.150711059570312500e+01
-7.232907104492187500e+01
-7.312690734863281250e+01
-7.390020751953125000e+01
-7.464857482910156250e+01
-7.537159729003906250e+01
-7.606887054443359375e+01
-7.673999023437500000e+01
-7.738455963134765625e+01
-7.800217437744140625e+01
-7.859241485595703125e+01
-7.915498352050781250e+01
-7.968993377685546875e+01
-8.019741821289062500e+01
-8.067758941650390625e+01
-8.113059997558593750e+01
-8.155660247802734375e+01
-8.195574951171875000e+01
-8.232818603515625000e+01
-8.267406463623046875e+01
-8.299354553222656250e+01
-8.328678894042968750e+01
-8.355391693115234375e+01
-8.379510498046875000e+01
-8.401049804687500000e+01
-8.420025634765625000e+01
-8.436450958251953125e+01
-8.450343322753906250e+01
-8.461717224121093750e+01
-8.470586395263671875e+01
-8.476968383789062500e+01
-8.480876922607421875e+01
-8.482328033447265625e+01
-8.481335449218750000e+01
-8.477915954589843750e+01
-8.472083282470703125e+01
-8.463854217529296875e+01
-8.453242492675781250e+01
-8.440264892578125000e+01
-8.424935150146484375e+01
-8.407268524169921875e+01
-8.387281036376953125e+01
-8.364987945556640625e+01
-8.340403747558593750e+01
-8.313542938232421875e+01
-8.284423065185546875e+01
-8.253056335449218750e+01
-8.219461059570312500e+01
-8.183649444580078125e+01
-8.145638275146484375e+01
-8.105443572998046875e+01
-8.063079071044921875e+01
-8.018560028076171875e+01
-7.971902465820312500e+01
-7.923120117187500000e+01
-7.872230529785156250e+01
-7.819245910644531250e+01
-7.764183807373046875e+01
-7.707059478759765625e+01
-7.647885894775390625e+01
-7.586679840087890625e+01
-7.523462677001953125e+01
-7.458276367187500000e+01
-7.391169738769531250e+01
-7.322191619873046875e+01
-7.251390838623046875e+01
-7.178815460205078125e+01
-7.104515075683593750e+01
-7.028537750244140625e+01
-6.950931549072265625e+01
-6.871746826171875000e+01
-6.791030883789062500e+01
-6.708833312988281250e+01
-6.625201416015625000e+01
-6.540185546875000000e+01
-6.453833007812500000e+01
-6.366193008422851562e+01
-6.277314758300781250e+01
-6.187246322631835938e+01
-6.096035766601562500e+01
-6.003732681274414062e+01
-5.910385513305664062e+01
-5.816043090820312500e+01
-5.720753860473632812e+01
-5.624566650390625000e+01
-5.527529525756835938e+01
-5.429692459106445312e+01
-5.331102371215820312e+01
-5.231809234619140625e+01
-5.131861495971679688e+01
-5.031307601928710938e+01
-4.930196380615234375e+01
-4.828575897216796875e+01
-4.726495742797851562e+01
-4.624004364013671875e+01
-4.521150207519531250e+01
-4.417981719970703125e+01
-4.314548110961914062e+01
-4.210897445678710938e+01
-4.107078933715820312e+01
-4.003141021728515625e+01
-3.899132537841796875e+01
-3.795101547241210938e+01
-3.691097640991210938e+01
-3.587168884277343750e+01
-3.483364105224609375e+01
-3.379731750488281250e+01
-3.276321029663085938e+01
-3.173180198669433594e+01
-3.070357894897460938e+01
-2.967902946472167969e+01
-2.865861511230468750e+01
-2.764268875122070312e+01
-2.663158035278320312e+01
-2.562562179565429688e+01
-2.462514305114746094e+01
-2.363047027587890625e+01
-2.264193344116210938e+01
-2.165986442565917969e+01
-2.068459129333496094e+01
-1.971644401550292969e+01
-1.875575256347656250e+01
-1.780284690856933594e+01
-1.685805702209472656e+01
-1.592170810699462891e+01
-1.499413490295410156e+01
-1.407566452026367188e+01
-1.316662597656250000e+01
-1.226735115051269531e+01
-1.137816810607910156e+01
-1.049940586090087891e+01
-9.631395339965820312e+00
-8.774465560913085938e+00
-7.928945541381835938e+00
-7.095166206359863281e+00
-6.273455619812011719e+00
-5.464143753051757812e+00
-4.667560577392578125e+00
-3.884035587310791016e+00
-3.113898277282714844e+00
-2.357477903366088867e+00
-1.615104436874389648e+00
-8.871072530746459961e-01
-1.738159060478210449e-01
5.244399905204772949e-01
1.207330822944641113e+00
1.874527215957641602e+00
2.525699377059936523e+00
3.160517930984497070e+00
3.778653144836425781e+00
4.379775524139404297e+00
4.963555812835693359e+00
5.529663562774658203e+00
6.077770233154296875e+00
6.607545852661132812e+00
7.118660449981689453e+00
7.610785007476806641e+00
8.083590507507324219e+00
8.536746025085449219e+00
8.969922065734863281e+00
9.382790565490722656e+00
9.775092124938964844e+00
1.014685344696044922e+01
1.049817466735839844e+01
1.082915115356445312e+01
1.113988304138183594e+01
1.143046951293945312e+01
1.170100688934326172e+01
1.195159435272216797e+01
1.218233013153076172e+01
1.239331245422363281e+01
1.258464050292968750e+01
1.275641059875488281e+01
1.290872287750244141e+01
1.304167461395263672e+01
1.315536403656005859e+01
1.324989032745361328e+01
1.332535171508789062e+01
1.338184547424316406e+01
1.341947078704833984e+01
1.343832492828369141e+01
1.343850803375244141e+01
1.342011642456054688e+01
1.338324928283691406e+01
1.332800579071044922e+01
1.325448226928710938e+01
1.316277790069580078e+01
1.305299186706542969e+01
1.292522144317626953e+01
1.277956485748291016e+01
1.261612033843994141e+01
1.243498802185058594e+01
1.223626327514648438e+01
1.202004718780517578e+01
1.178643608093261719e+01
1.153552913665771484e+01
1.126742458343505859e+01
1.098221969604492188e+01
1.068001461029052734e+01
1.036090660095214844e+01
1.002499294281005859e+01
9.672373771667480469e+00
9.303146362304687500e+00
8.917408943176269531e+00
8.515260696411132812e+00
8.096798896789550781e+00
7.662122249603271484e+00
7.211328983306884766e+00
6.744518280029296875e+00
6.261786460876464844e+00
5.763233661651611328e+00
5.249002933502197266e+00
4.719421386718750000e+00
4.174860954284667969e+00
3.615694522857666016e+00
3.042293787002563477e+00
2.455032110214233398e+00
1.854280948638916016e+00
1.240413069725036621e+00
6.138009428977966309e-01
-2.518317662179470062e-02
-6.761668920516967773e-01
-1.338777899742126465e+00
-2.012643575668334961e+00
-2.697391986846923828e+00
-3.392650365829467773e+00
-4.098046302795410156e+00
-4.813208103179931641e+00
-5.537762165069580078e+00
-6.271337032318115234e+00
-7.013560295104980469e+00
-7.764059066772460938e+00
-8.522460937500000000e+00
-9.288394927978515625e+00
-1.006148815155029297e+01
-1.084136581420898438e+01
-1.162765884399414062e+01
-1.241999244689941406e+01
-1.321799564361572266e+01
-1.402129554748535156e+01
-1.482951927185058594e+01
-1.564229583740234375e+01
-1.645925140380859375e+01
-1.728001594543457031e+01
-1.810421371459960938e+01
-1.893147468566894531e+01
-1.976142501831054688e+01
-2.059369468688964844e+01
-2.142790794372558594e+01
-2.226369476318359375e+01
-2.310068321228027344e+01
-2.393849945068359375e+01
-2.477676963806152344e+01
-2.561512756347656250e+01
-2.645319366455078125e+01
-2.729059982299804688e+01
-2.812697029113769531e+01
-2.896193504333496094e+01
-2.979512214660644531e+01
-3.062615966796875000e+01
-3.145467376708984375e+01
-3.228030776977539062e+01
-3.310277175903320312e+01
-3.392179489135742188e+01
-3.473710632324218750e+01
-3.554843139648437500e+01
-3.635549545288085938e+01
-3.715802383422851562e+01
-3.795574569702148438e+01
-3.874839401245117188e+01
-3.953568649291992188e+01
-4.031735229492187500e+01
-4.109312438964843750e+01
-4.186272430419921875e+01
-4.262588119506835938e+01
-4.338232421875000000e+01
-4.413177490234375000e+01
-4.487396240234375000e+01
-4.560861587524414062e+01
-4.633546066284179688e+01
-4.705422592163085938e+01
-4.776463317871093750e+01
-4.846641921997070312e+01
-4.915930175781250000e+01
-4.984301376342773438e+01
-5.051727676391601562e+01
-5.118182754516601562e+01
-5.183638000488281250e+01
-5.248067092895507812e+01
-5.311442565917968750e+01
-5.373736572265625000e+01
-5.434922790527343750e+01
-5.494972991943359375e+01
-5.553860855102539062e+01
-5.611557769775390625e+01
-5.668037414550781250e+01
-5.723272323608398438e+01
-5.777235412597656250e+01
-5.829899215698242188e+01
-5.881236267089843750e+01
-5.931218719482421875e+01
-5.979820632934570312e+01
-6.027013397216796875e+01
-6.072771072387695312e+01
-6.117065429687500000e+01
-6.159869003295898438e+01
-6.201155471801757812e+01
-6.240896224975585938e+01
-6.279065322875976562e+01
-6.315634536743164062e+01
-6.350577163696289062e+01
-6.383870315551757812e+01
-6.415515136718750000e+01
-6.445516204833984375e+01
-6.473878479003906250e+01
-6.500608062744140625e+01
-6.525708770751953125e+01
-6.549187469482421875e+01
-6.571047973632812500e+01
-6.591296386718750000e+01
-6.609938049316406250e+01
-6.626977539062500000e+01
-6.642420196533203125e+01
-6.656272125244140625e+01
-6.668537139892578125e+01
-6.679221343994140625e+01
-6.688329315185546875e+01
-6.695867156982421875e+01
-6.701839447021484375e+01
-6.706252288818359375e+01
-6.709109497070312500e+01
-6.710417938232421875e+01
-6.710181427001953125e+01
-6.708405303955078125e+01
-6.705095672607421875e+01
-6.700257110595703125e+01
-6.693895721435546875e+01
-6.686015319824218750e+01
-6.676622009277343750e+01
-6.665721130371093750e+01
-6.653317260742187500e+01
-6.639416503906250000e+01
-6.624023437500000000e+01
-6.607143402099609375e+01
-6.588781738281250000e+01
-6.568943023681640625e+01
-6.547634124755859375e+01
-6.524858093261718750e+01
-6.500621795654296875e+01
-6.474930572509765625e+01
-6.447789001464843750e+01
-6.419200897216796875e+01
-6.389174270629882812e+01
-6.357712173461914062e+01
-6.324821090698242188e+01
-6.290506362915039062e+01
-6.254771423339843750e+01
-6.217623519897460938e+01
-6.179066848754882812e+01
-6.139107131958007812e+01
-6.097749328613281250e+01
-6.055002212524414062e+01
-6.010890960693359375e+01
-5.965443420410156250e+01
-5.918688201904296875e+01
-5.870652770996093750e+01
-5.821366882324218750e+01
-5.770858383178710938e+01
-5.719154739379882812e+01
-5.666285324096679688e+01
-5.612278366088867188e+01
-5.557162094116210938e+01
-5.500963973999023438e+01
-5.443714523315429688e+01
-5.385439300537109375e+01
-5.326168823242187500e+01
-5.265930175781250000e+01
-5.204752349853515625e+01
-5.142663574218750000e+01
-5.079692077636718750e+01
-5.015866088867187500e+01
-4.951214218139648438e+01
-4.885764312744140625e+01
-4.819545745849609375e+01
-4.752585983276367188e+01
-4.684913635253906250e+01
-4.616556549072265625e+01
-4.547544097900390625e+01
-4.477903747558593750e+01
-4.407664108276367188e+01
-4.336853408813476562e+01
-4.265500259399414062e+01
-4.193633270263671875e+01
-4.121279907226562500e+01
-4.048469161987304688e+01
-3.975228881835937500e+01
-3.901588058471679688e+01
-3.827574539184570312e+01
-3.753216934204101562e+01
-3.678543853759765625e+01
-3.603582763671875000e+01
-3.528362655639648438e+01
-3.452911758422851562e+01
-3.377258300781250000e+01
-3.301430892944335938e+01
-3.225457763671875000e+01
-3.149366950988769531e+01
-3.073186874389648438e+01
-2.996946144104003906e+01
-2.920673179626464844e+01
-2.844395828247070312e+01
-2.768142318725585938e+01
-2.691936302185058594e+01
-2.615801429748535156e+01
-2.539761352539062500e+01
-2.463839530944824219e+01
-2.388059234619140625e+01
-2.312443923950195312e+01
-2.237017250061035156e+01
-2.161802673339843750e+01
-2.086823654174804688e+01
-2.012103652954101562e+01
-1.937666320800781250e+01
-1.863534736633300781e+01
-1.789732551574707031e+01
-1.716283416748046875e+01
-1.643210601806640625e+01
-1.570537757873535156e+01
-1.498288059234619141e+01
-1.426485252380371094e+01
-1.355152797698974609e+01
-1.284314060211181641e+01
-1.213992595672607422e+01
-1.144211864471435547e+01
-1.074995326995849609e+01
-1.006366443634033203e+01
-9.383486747741699219e+00
-8.709655761718750000e+00
-8.042406082153320312e+00
-7.381971836090087891e+00
-6.728587627410888672e+00
-6.082489013671875000e+00
-5.443910121917724609e+00
-4.813086032867431641e+00
-4.190251827239990234e+00
-3.575641632080078125e+00
-2.969490766525268555e+00
-2.372033357620239258e+00
-1.783504605293273926e+00
-1.204139232635498047e+00
-6.341718435287475586e-01
-7.383726537227630615e-02
4.766297638416290283e-01
1.016994476318359375e+00
1.547022104263305664e+00
2.066477775573730469e+00
2.575127124786376953e+00
3.072734832763671875e+00
3.559066295623779297e+00
4.033887386322021484e+00
4.496962547302246094e+00
4.948097705841064453e+00
5.387257099151611328e+00
5.814446449279785156e+00
6.229670524597167969e+00
6.632934093475341797e+00
7.024242877960205078e+00
7.403601169586181641e+00
7.771015167236328125e+00
8.126488685607910156e+00
8.470026969909667969e+00
8.801635742187500000e+00
9.121318817138671875e+00
9.429082870483398438e+00
9.724930763244628906e+00
1.000887107849121094e+01
1.028090572357177734e+01
1.054103946685791016e+01
1.078927993774414062e+01
1.102563095092773438e+01
1.125009632110595703e+01
1.146268272399902344e+01
1.166339492797851562e+01
1.185223770141601562e+01
1.202921581268310547e+01
1.219433403015136719e+01
1.234759902954101562e+01
1.248901462554931641e+01
1.261858654022216797e+01
1.273631763458251953e+01
1.284221553802490234e+01
1.293628406524658203e+01
1.301852893829345703e+01
1.308895492553710938e+01
1.314756679534912109e+01
1.319436931610107422e+01
1.322936820983886719e+01
1.325256919860839844e+01
1.326397514343261719e+01
1.326359272003173828e+01
1.325142669677734375e+01
1.322748184204101562e+01
1.319176292419433594e+01
1.314427757263183594e+01
1.308502674102783203e+01
1.301401805877685547e+01
1.293125534057617188e+01
1.283674430847167969e+01
1.273049068450927734e+01
1.261249828338623047e+01
1.248277282714843750e+01
1.234135055541992188e+01
1.218839645385742188e+01
1.202410507202148438e+01
1.184867286682128906e+01
1.166229534149169922e+01
1.146516799926757812e+01
1.125748729705810547e+01
1.103944778442382812e+01
1.081124687194824219e+01
1.057307910919189453e+01
1.032514095306396484e+01
1.006762599945068359e+01
9.800732612609863281e+00
9.524655342102050781e+00
9.239591598510742188e+00
8.945734024047851562e+00
8.643280982971191406e+00
8.332426071166992188e+00
8.013366699218750000e+00
7.686298370361328125e+00
7.351416110992431641e+00
7.008916378021240234e+00
6.658994674682617188e+00
6.301846027374267578e+00
5.937667369842529297e+00
5.566653728485107422e+00
5.189001083374023438e+00
4.804904937744140625e+00
4.414561271667480469e+00
4.018165588378906250e+00
3.615913629531860352e+00
3.208001136779785156e+00
2.794624090194702148e+00
2.375978231430053711e+00
1.952259063720703125e+00
1.523662209510803223e+00
1.090383648872375488e+00
6.526191830635070801e-01
2.105643749237060547e-01
-2.355850040912628174e-01
-6.856331825256347656e-01
-1.139384508132934570e+00
-1.596643209457397461e+00
-2.057213544845581055e+00
-2.520899772644042969e+00
-2.987505912780761719e+00
-3.456836700439453125e+00
-3.928696155548095703e+00
-4.402888298034667969e+00
-4.879218101501464844e+00
-5.357491016387939453e+00
-5.837519168853759766e+00
-6.319116115570068359e+00
-6.802096843719482422e+00
-7.286275386810302734e+00
-7.771464824676513672e+00
-8.257479667663574219e+00
-8.744133949279785156e+00
-9.231241226196289062e+00
-9.718615531921386719e+00
-1.020607089996337891e+01
-1.069342041015625000e+01
-1.118048000335693359e+01
-1.166706275939941406e+01
-1.215298175811767578e+01
-1.263805294036865234e+01
-1.312208747863769531e+01
-1.360490131378173828e+01
-1.408630847930908203e+01
-1.456612300872802734e+01
-1.504415607452392578e+01
-1.552022552490234375e+01
-1.599414348602294922e+01
-1.646572303771972656e+01
-1.693478012084960938e+01
-1.740112686157226562e+01
-1.786458015441894531e+01
-1.832494926452636719e+01
-1.878205299377441406e+01
-1.923570060729980469e+01
-1.968571090698242188e+01
-2.013189506530761719e+01
-2.057406616210937500e+01
-2.101204109191894531e+01
-2.144563102722167969e+01
-2.187465095520019531e+01
-2.229891586303710938e+01
-2.271824073791503906e+01
-2.313243484497070312e+01
-2.354131507873535156e+01
-2.394469451904296875e+01
-2.434239006042480469e+01
-2.473421287536621094e+01
-2.511997795104980469e+01
-2.549949645996093750e+01
-2.587258720397949219e+01
-2.623906135559082031e+01
-2.659873199462890625e+01
-2.695141601562500000e+01
-2.729692649841308594e+01
-2.763509941101074219e+01
-2.796588897705078125e+01
-2.828927421569824219e+01
-2.860522651672363281e+01
-2.891372489929199219e+01
-2.921474838256835938e+01
-2.950826644897460938e+01
-2.979426193237304688e+01
-3.007270812988281250e+01
-3.034358215332031250e+01
-3.060686111450195312e+01
-3.086252021789550781e+01
-3.111053848266601562e+01
-3.135088920593261719e+01
-3.158355140686035156e+01
-3.180850028991699219e+01
-3.202571105957031250e+01
-3.223516845703125000e+01
-3.243683624267578125e+01
-3.263069915771484375e+01
-3.281673049926757812e+01
-3.299490737915039062e+01
-3.316520690917968750e+01
-3.332760620117187500e+01
-3.348208618164062500e+01
-3.362860870361328125e+01
-3.376716613769531250e+01
-3.389772415161132812e+01
-3.402027130126953125e+01
-3.413476943969726562e+01
-3.424120712280273438e+01
-3.433955001831054688e+01
-3.442978668212890625e+01
-3.451188278198242188e+01
-3.458582305908203125e+01
-3.465158081054687500e+01
-3.470912933349609375e+01
-3.475844573974609375e+01
-3.479951095581054688e+01
-3.483229827880859375e+01
-3.485678863525390625e+01
-3.487295532226562500e+01
-3.488077163696289062e+01
-3.488021469116210938e+01
-3.487126922607421875e+01
-3.485390090942382812e+01
-3.482809448242187500e+01
-3.479381942749023438e+01
-3.475106048583984375e+01
-3.469978713989257812e+01
-3.464000320434570312e+01
-3.457181167602539062e+01
-3.449533081054687500e+01
-3.441069412231445312e+01
-3.431801605224609375e+01
-3.421743774414062500e+01
-3.410906600952148438e+01
-3.399303817749023438e+01
-3.386948013305664062e+01
-3.373850631713867188e+01
-3.360025024414062500e+01
-3.345483779907226562e+01
-3.330239105224609375e+01
-3.314303588867187500e+01
-3.297689819335937500e+01
-3.280410003662109375e+01
-3.262477111816406250e+01
-3.243903350830078125e+01
-3.224701309204101562e+01
-3.204883575439453125e+01
-3.184462738037109375e+01
-3.163450813293457031e+01
-3.141860771179199219e+01
-3.119705200195312500e+01
-3.096996307373046875e+01
-3.073746871948242188e+01
-3.049969291687011719e+01
-3.025676155090332031e+01
-3.000879859924316406e+01
-2.975592613220214844e+01
-2.949827575683593750e+01
-2.923596954345703125e+01
-2.896913337707519531e+01
-2.869789314270019531e+01
-2.842236900329589844e+01
-2.814269065856933594e+01
-2.785898590087890625e+01
-2.757137298583984375e+01
-2.727998161315917969e+01
-2.698493576049804688e+01
-2.668635940551757812e+01
-2.638438034057617188e+01
-2.607912063598632812e+01
-2.577070808410644531e+01
-2.545926856994628906e+01
-2.514492416381835938e+01
-2.482779884338378906e+01
-2.450802421569824219e+01
-2.418571853637695312e+01
-2.386101150512695312e+01
-2.353402709960937500e+01
-2.320490455627441406e+01
-2.287377738952636719e+01
-2.254078292846679688e+01
-2.220606231689453125e+01
-2.186974716186523438e+01
-2.153197860717773438e+01
-2.119289207458496094e+01
-2.085262489318847656e+01
-2.051131439208984375e+01
-2.016909790039062500e+01
-1.982611274719238281e+01
-1.948249626159667969e+01
-1.913838386535644531e+01
-1.879391479492187500e+01
-1.844922637939453125e+01
-1.810445594787597656e+01
-1.775973701477050781e+01
-1.741521072387695312e+01
-1.707101249694824219e+01
-1.672727966308593750e+01
-1.638414955139160156e+01
-1.604176139831542969e+01
-1.570024871826171875e+01
-1.535975170135498047e+01
-1.502040481567382812e+01
-1.468234729766845703e+01
-1.434571552276611328e+01
-1.401064777374267578e+01
-1.367727851867675781e+01
-1.334574794769287109e+01
-1.301619148254394531e+01
-1.268874740600585938e+01
-1.236355209350585938e+01
-1.204074192047119141e+01
-1.172045612335205078e+01
-1.140283012390136719e+01
-1.108800125122070312e+01
-1.077610874176025391e+01
-1.046728801727294922e+01
-1.016167545318603516e+01
-9.859409332275390625e+00
-9.560626983642578125e+00
-9.265465736389160156e+00
-8.974061965942382812e+00
-8.686553001403808594e+00
-8.403076171875000000e+00
-8.123768806457519531e+00
-7.848768234252929688e+00
-7.578211307525634766e+00
-7.312217235565185547e+00
-7.050834178924560547e+00
-6.794092655181884766e+00
-6.542021274566650391e+00
-6.294651985168457031e+00
-6.052013397216796875e+00
-5.814136505126953125e+00
-5.581051349639892578e+00
-5.352787017822265625e+00
-5.129374980926513672e+00
-4.910844326019287109e+00
-4.697226047515869141e+00
-4.488548755645751953e+00
-4.284843921661376953e+00
-4.086141109466552734e+00
-3.892470359802246094e+00
-3.703861951828002930e+00
-3.520345687866210938e+00
-3.341951847076416016e+00
-3.168710231781005859e+00
-3.000651359558105469e+00
-2.837805271148681641e+00
-2.680201768875122070e+00
-2.527871131896972656e+00
-2.380843162536621094e+00
-2.239148378372192383e+00
-2.102816581726074219e+00
-1.971877813339233398e+00
-1.846362233161926270e+00
-1.726300001144409180e+00
-1.611721038818359375e+00
-1.502655625343322754e+00
-1.399133801460266113e+00
-1.301185607910156250e+00
-1.208841085433959961e+00
-1.122130274772644043e+00
-1.041083455085754395e+00
-9.657305479049682617e-01
-8.961016535758972168e-01
-8.322268724441528320e-01
-7.741363644599914551e-01
-7.218600511550903320e-01
-6.754282116889953613e-01
-6.348707675933837891e-01
-6.002178192138671875e-01
-5.714995861053466797e-01
-5.487459897994995117e-01
-5.319871902465820312e-01
-5.212532281875610352e-01
-5.165742635726928711e-01
-5.179618597030639648e-01
-5.253542661666870117e-01
-5.386708974838256836e-01
-5.578316450119018555e-01
-5.827559828758239746e-01
-6.133636832237243652e-01
-6.495743393898010254e-01
-6.913076043128967285e-01
-7.384831905364990234e-01
-7.910206913948059082e-01
-8.488398790359497070e-01
-9.118602871894836426e-01
-9.800016283988952637e-01
-1.053183436393737793e+00
-1.131325602531433105e+00
-1.214347600936889648e+00
-1.302169203758239746e+00
-1.394710063934326172e+00
-1.491889715194702148e+00
-1.593627929687500000e+00
-1.699844241142272949e+00
-1.810458421707153320e+00
-1.925390124320983887e+00
-2.044559001922607422e+00
-2.167884826660156250e+00
-2.295286655426025391e+00
-2.426684856414794922e+00
-2.561999082565307617e+00
-2.701148509979248047e+00
-2.844053030014038086e+00
-2.990632295608520508e+00
-3.140806198120117188e+00
-3.294493913650512695e+00
-3.451615571975708008e+00
-3.612090349197387695e+00
-3.775838136672973633e+00
-3.942779064178466797e+00
-4.112831592559814453e+00
-4.285916805267333984e+00
-4.461953639984130859e+00
-4.640861511230468750e+00
-4.822560787200927734e+00
-5.006970405578613281e+00
-5.194009780883789062e+00
-5.383600234985351562e+00
-5.575659751892089844e+00
-5.770108699798583984e+00
-5.966866016387939453e+00
-6.165852546691894531e+00
-6.366986751556396484e+00
-6.570186138153076172e+00
-6.775352478027343750e+00
-6.982386112213134766e+00
-7.191185474395751953e+00
-7.401650428771972656e+00
-7.613681793212890625e+00
-7.827176570892333984e+00
-8.042037010192871094e+00
-8.258159637451171875e+00
-8.475446701049804688e+00
-8.693797111511230469e+00
-8.913107872009277344e+00
-9.133281707763671875e+00
-9.354215621948242188e+00
-9.575810432434082031e+00
-9.797965049743652344e+00
-1.002058029174804688e+01
-1.024355411529541016e+01
-1.046678638458251953e+01
-1.069017601013183594e+01
-1.091362476348876953e+01
-1.113702869415283203e+01
-1.136029052734375000e+01
-1.158330726623535156e+01
-1.180597972869873047e+01
-1.202820777893066406e+01
-1.224988937377929688e+01
-1.247092533111572266e+01
-1.269121360778808594e+01
-1.291065502166748047e+01
-1.312914943695068359e+01
-1.334659481048583984e+01
-1.356289291381835938e+01
-1.377794075012207031e+01
-1.399163818359375000e+01
-1.420388507843017578e+01
-1.441458225250244141e+01
-1.462362766265869141e+01
-1.483092117309570312e+01
-1.503636360168457031e+01
-1.523985099792480469e+01
-1.544128608703613281e+01
-1.564056682586669922e+01
-1.583759307861328125e+01
-1.603226470947265625e+01
-1.622448158264160156e+01
-1.641414070129394531e+01
-1.660114288330078125e+01
-1.678539085388183594e+01
-1.696677780151367188e+01
-1.714521980285644531e+01
-1.732067108154296875e+01
-1.749310302734375000e+01
-1.766247558593750000e+01
-1.782876586914062500e+01
-1.799193572998046875e+01
-1.815195274353027344e+01
-1.830879020690917969e+01
-1.846241188049316406e+01
-1.861278533935546875e+01
-1.875988006591796875e+01
-1.890366554260253906e+01
-1.904410552978515625e+01
-1.918117141723632812e+01
-1.931482887268066406e+01
-1.944504547119140625e+01
-1.957179260253906250e+01
-1.969503593444824219e+01
-1.981474304199218750e+01
-1.993088150024414062e+01
-2.004341888427734375e+01
-2.015232658386230469e+01
-2.025756835937500000e+01
-2.035911369323730469e+01
-2.045693016052246094e+01
-2.055098724365234375e+01
-2.064125061035156250e+01
-2.072769165039062500e+01
-2.081027412414550781e+01
-2.088896560668945312e+01
-2.096373748779296875e+01
-2.103455734252929688e+01
-2.110139083862304688e+01
-2.116420555114746094e+01
-2.122297477722167969e+01
-2.127765846252441406e+01
-2.132822990417480469e+01
-2.137465476989746094e+01
-2.141690254211425781e+01
-2.145494079589843750e+01
-2.148873519897460938e+01
-2.151825714111328125e+01
-2.154347229003906250e+01
-2.156435012817382812e+01
-2.158085632324218750e+01
-2.159295845031738281e+01
-2.160062980651855469e+01
-2.160383033752441406e+01
-2.160253334045410156e+01
-2.159670639038085938e+01
-2.158633041381835938e+01
-2.157143974304199219e+01
-2.155208587646484375e+01
-2.152831840515136719e+01
-2.150018882751464844e+01
-2.146774673461914062e+01
-2.143104171752929688e+01
-2.139012145996093750e+01
-2.134503936767578125e+01
-2.129584503173828125e+01
-2.124258613586425781e+01
-2.118531417846679688e+01
-2.112408065795898438e+01
-2.105893135070800781e+01
-2.098991966247558594e+01
-2.091709327697753906e+01
-2.084050559997558594e+01
-2.076020431518554688e+01
-2.067624092102050781e+01
-2.058866310119628906e+01
-2.049752044677734375e+01
-2.040286827087402344e+01
-2.030474853515625000e+01
-2.020321846008300781e+01
-2.009832382202148438e+01
-1.999011611938476562e+01
-1.987864494323730469e+01
-1.976395988464355469e+01
-1.964611053466796875e+01
-1.952514839172363281e+01
-1.940112304687500000e+01
-1.927408599853515625e+01
-1.914408302307128906e+01
-1.901116943359375000e+01
-1.887538909912109375e+01
-1.873679733276367188e+01
-1.859544181823730469e+01
-1.845137214660644531e+01
-1.830463981628417969e+01
-1.815529441833496094e+01
-1.800338363647460938e+01
-1.784896087646484375e+01
-1.769207382202148438e+01
-1.753277206420898438e+01
-1.737110710144042969e+01
-1.720713043212890625e+01
-1.704088973999023438e+01
-1.687243461608886719e+01
-1.670181465148925781e+01
-1.652908325195312500e+01
-1.635429000854492188e+01
-1.617750930786132812e+01
-1.599881267547607422e+01
-1.581827545166015625e+01
-1.563597106933593750e+01
-1.545197582244873047e+01
-1.526636123657226562e+01
-1.507920360565185547e+01
-1.489057540893554688e+01
-1.470055198669433594e+01
-1.450920772552490234e+01
-1.431661796569824219e+01
-1.412285423278808594e+01
-1.392799282073974609e+01
-1.373210716247558594e+01
-1.353527259826660156e+01
-1.333756160736083984e+01
-1.313904953002929688e+01
-1.293981075286865234e+01
-1.273991966247558594e+01
-1.253944969177246094e+01
-1.233847522735595703e+01
-1.213707256317138672e+01
-1.193531227111816406e+01
-1.173327159881591797e+01
-1.153102397918701172e+01
-1.132864379882812500e+01
-1.112620353698730469e+01
-1.092378044128417969e+01
-1.072144699096679688e+01
-1.051927757263183594e+01
-1.031734752655029297e+01
-1.011572933197021484e+01
-9.914498329162597656e+00
-9.713727951049804688e+00
-9.513494491577148438e+00
-9.313870429992675781e+00
-9.114929199218750000e+00
-8.916748046875000000e+00
-8.719398498535156250e+00
-8.522955894470214844e+00
-8.327495574951171875e+00
-8.133089065551757812e+00
-7.939812660217285156e+00
-7.747740745544433594e+00
-7.556946277618408203e+00
-7.367505073547363281e+00
-7.179490089416503906e+00
-6.992975711822509766e+00
-6.808037281036376953e+00
-6.624741077423095703e+00
-6.443126678466796875e+00
-6.263227462768554688e+00
-6.085074901580810547e+00
-5.908702373504638672e+00
-5.734141826629638672e+00
-5.561425685882568359e+00
-5.390587329864501953e+00
-5.221658706665039062e+00
-5.054672718048095703e+00
-4.889661312103271484e+00
-4.726657390594482422e+00
-4.565693855285644531e+00
-4.406802177429199219e+00
-4.250016212463378906e+00
-4.095367431640625000e+00
-3.942889451980590820e+00
-3.792613744735717773e+00
-3.644573450088500977e+00
-3.498800992965698242e+00
-3.355328798294067383e+00
-3.214189529418945312e+00
-3.075415611267089844e+00
-2.939039707183837891e+00
-2.805094480514526367e+00
-2.673612117767333984e+00
-2.544625520706176758e+00
-2.418167352676391602e+00
-2.294269323348999023e+00
-2.172965049743652344e+00
-2.054286003112792969e+00
-1.938265681266784668e+00
-1.824936151504516602e+00
-1.714330196380615234e+00
-1.606480002403259277e+00
-1.501418352127075195e+00
-1.399177789688110352e+00
-1.299790620803833008e+00
-1.203289747238159180e+00
-1.109707593917846680e+00
-1.019076466560363770e+00
-9.314292073249816895e-01
-8.467983007431030273e-01
-7.652161717414855957e-01
-6.867153644561767578e-01
-6.113286018371582031e-01
-5.390882492065429688e-01
-4.700269103050231934e-01
-4.041771590709686279e-01
-3.415714800357818604e-01
-2.822326123714447021e-01
-2.261439114809036255e-01
-1.732789427042007446e-01
-1.236112490296363831e-01
-7.711433619260787964e-02
-3.376178443431854248e-02
6.472887471318244934e-03
4.361613467335700989e-02
7.769441604614257812e-02
1.087341904640197754e-01
1.367619186639785767e-01
1.618040800094604492e-01
1.838870793581008911e-01
2.030374407768249512e-01
2.192815840244293213e-01
2.326459884643554688e-01
2.431570738554000854e-01
2.508413791656494141e-01
2.557252645492553711e-01
2.578352689743041992e-01
2.571977972984313965e-01
2.538393437862396240e-01
2.477863729000091553e-01
2.390653192996978760e-01
2.277026474475860596e-01
2.137248367071151733e-01
1.971583217382431030e-01
1.780295670032501221e-01
1.563650518655776978e-01
1.321912109851837158e-01
1.055345162749290466e-01
7.642142474651336670e-02
4.487839713692665100e-02
1.093188859522342682e-02
-2.539163455367088318e-02
-6.406571716070175171e-02
-1.050639003515243530e-01
-1.483597159385681152e-01
-1.939267218112945557e-01
-2.417384535074234009e-01
-2.917684316635131836e-01
-3.439902067184448242e-01
-3.983773291110992432e-01
-4.549033641815185547e-01
-5.135417580604553223e-01
-5.742661952972412109e-01
-6.370500326156616211e-01
-7.018670439720153809e-01
-7.686905264854431152e-01
-8.374941945075988770e-01
-9.082474112510681152e-01
-9.809034466743469238e-01
-1.055411458015441895e+00
-1.131720542907714844e+00
-1.209779858589172363e+00
-1.289538383483886719e+00
-1.370945572853088379e+00
-1.453950166702270508e+00
-1.538501620292663574e+00
-1.624549031257629395e+00
-1.712041258811950684e+00
-1.800927639007568359e+00
-1.891157507896423340e+00
-1.982679724693298340e+00
-2.075443506240844727e+00
-2.169397830963134766e+00
-2.264492034912109375e+00
-2.360675334930419922e+00
-2.457896709442138672e+00
-2.556105136871337891e+00
-2.655249834060668945e+00
-2.755280256271362305e+00
-2.856145381927490234e+00
-2.957794189453125000e+00
-3.060175657272338867e+00
-3.163239479064941406e+00
-3.266934394836425781e+00
-3.371209621429443359e+00
-3.476014375686645508e+00
-3.581297636032104492e+00
-3.687008142471313477e+00
-3.793095827102661133e+00
-3.899509906768798828e+00
-4.006198883056640625e+00
-4.113111972808837891e+00
-4.220198154449462891e+00
-4.327407360076904297e+00
-4.434687614440917969e+00
-4.541989326477050781e+00
-4.649260520935058594e+00
-4.756451129913330078e+00
-4.863509654998779297e+00
-4.970386028289794922e+00
-5.077028274536132812e+00
-5.183386325836181641e+00
-5.289408683776855469e+00
-5.395045757293701172e+00
-5.500245094299316406e+00
-5.604956626892089844e+00
-5.709129810333251953e+00
-5.812716960906982422e+00
-5.915685653686523438e+00
-6.018006801605224609e+00
-6.119650840759277344e+00
-6.220590591430664062e+00
-6.320795536041259766e+00
-6.420237541198730469e+00
-6.518887042999267578e+00
-6.616715431213378906e+00
-6.713694095611572266e+00
-6.809793472290039062e+00
-6.904984951019287109e+00
-6.999239921569824219e+00
-7.092528820037841797e+00
-7.184823036193847656e+00
-7.276093959808349609e+00
-7.366311550140380859e+00
-7.455448150634765625e+00
-7.543473720550537109e+00
-7.630360126495361328e+00
-7.716078758239746094e+00
-7.800599575042724609e+00
-7.883894443511962891e+00
-7.965933799743652344e+00
-8.046689033508300781e+00
-8.126131057739257812e+00
-8.204231262207031250e+00
-8.280961036682128906e+00
-8.356290817260742188e+00
-8.430191040039062500e+00
-8.502634048461914062e+00
-8.573590278625488281e+00
-8.643031120300292969e+00
-8.710927009582519531e+00
-8.777250289916992188e+00
-8.841969490051269531e+00
-8.905058860778808594e+00
-8.966486930847167969e+00
-9.026226997375488281e+00
-9.084247589111328125e+00
-9.140521049499511719e+00
-9.195018768310546875e+00
-9.247712135314941406e+00
-9.298570632934570312e+00
-9.347567558288574219e+00
-9.394672393798828125e+00
-9.439855575561523438e+00
-9.483089447021484375e+00
-9.524343490600585938e+00
-9.563591957092285156e+00
-9.600809097290039062e+00
-9.636003494262695312e+00
-9.669184684753417969e+00
-9.700364112854003906e+00
-9.729557037353515625e+00
-9.756772041320800781e+00
-9.782023429870605469e+00
-9.805321693420410156e+00
-9.826680183410644531e+00
-9.846109390258789062e+00
-9.863621711730957031e+00
-9.879230499267578125e+00
-9.892947196960449219e+00
-9.904782295227050781e+00
-9.914750099182128906e+00
-9.922860145568847656e+00
-9.929126739501953125e+00
-9.933560371398925781e+00
-9.936173439025878906e+00
-9.936978340148925781e+00
-9.935986518859863281e+00
-9.933211326599121094e+00
-9.928662300109863281e+00
-9.922353744506835938e+00
-9.914296150207519531e+00
-9.904501914978027344e+00
-9.892984390258789062e+00
-9.879754066467285156e+00
-9.864822387695312500e+00
-9.848203659057617188e+00
-9.829907417297363281e+00
-9.809947967529296875e+00
-9.788333892822265625e+00
-9.765081405639648438e+00
-9.740200042724609375e+00
-9.713701248168945312e+00
-9.685599327087402344e+00
-9.655904769897460938e+00
-9.624629974365234375e+00
-9.591786384582519531e+00
-9.557385444641113281e+00
-9.521441459655761719e+00
-9.483964920043945312e+00
-9.444968223571777344e+00
-9.404462814331054688e+00
-9.362461090087890625e+00
-9.318974494934082031e+00
-9.274015426635742188e+00
-9.227597236633300781e+00
-9.179729461669921875e+00
-9.130428314208984375e+00
-9.079723358154296875e+00
-9.027642250061035156e+00
-8.974217414855957031e+00
-8.919479370117187500e+00
-8.863459587097167969e+00
-8.806187629699707031e+00
-8.747694969177246094e+00
-8.688014030456542969e+00
-8.627172470092773438e+00
-8.565203666687011719e+00
-8.502137184143066406e+00
-8.438004493713378906e+00
-8.372836112976074219e+00
-8.306662559509277344e+00
-8.239515304565429688e+00
-8.171423912048339844e+00
-8.102420806884765625e+00
-8.032536506652832031e+00
-7.961801528930664062e+00
-7.890245437622070312e+00
-7.817901134490966797e+00
-7.744798183441162109e+00
-7.670968055725097656e+00
-7.596441745758056641e+00
-7.521248340606689453e+00
-7.445420742034912109e+00
-7.368988990783691406e+00
-7.291983604431152344e+00
-7.214436054229736328e+00
-7.136376857757568359e+00
-7.057835578918457031e+00
-6.978845119476318359e+00
-6.899435520172119141e+00
-6.819637298583984375e+00
-6.739481449127197266e+00
-6.658998489379882812e+00
-6.578219890594482422e+00
-6.497176170349121094e+00
-6.415897846221923828e+00
-6.334416866302490234e+00
-6.252762317657470703e+00
-6.170966148376464844e+00
-6.089058876037597656e+00
-6.007071495056152344e+00
-5.925034523010253906e+00
-5.842978954315185547e+00
-5.760935783386230469e+00
-5.678936004638671875e+00
-5.597009658813476562e+00
-5.515187740325927734e+00
-5.433499813079833984e+00
-5.351975917816162109e+00
-5.270644664764404297e+00
-5.189536094665527344e+00
-5.108678817749023438e+00
-5.028102874755859375e+00
-4.947837829589843750e+00
-4.867911815643310547e+00
-4.788356304168701172e+00
-4.709198951721191406e+00
-4.630470275878906250e+00
-4.552198410034179688e+00
-4.474414348602294922e+00
-4.397146224975585938e+00
-4.320424556732177734e+00
-4.244277477264404297e+00
-4.168735504150390625e+00
-4.093827247619628906e+00
-4.019583225250244141e+00
-3.946031570434570312e+00
-3.873202085494995117e+00
-3.801124572753906250e+00
-3.729828119277954102e+00
-3.659342288970947266e+00
-3.589695930480957031e+00
-3.520919322967529297e+00
-3.453041553497314453e+00
-3.386092185974121094e+00
-3.320100069046020508e+00
-3.255094766616821289e+00
-3.191106319427490234e+00
-3.128163337707519531e+00
-3.066295862197875977e+00
-3.005532741546630859e+00
-2.945904016494750977e+00
-2.887438535690307617e+00
-2.830165863037109375e+00
-2.774115800857543945e+00
-2.719317197799682617e+00
-2.665799617767333984e+00
-2.613592624664306641e+00
-2.562725543975830078e+00
-2.513227701187133789e+00
-2.465128660202026367e+00
-2.418457746505737305e+00
-2.373244524002075195e+00
-2.329518079757690430e+00
-2.287308216094970703e+00
-2.246644020080566406e+00
-2.207544803619384766e+00
-2.169989347457885742e+00
-2.133946180343627930e+00
-2.099383592605590820e+00
-2.066270112991333008e+00
-2.034574508666992188e+00
-2.004264831542968750e+00
-1.975310206413269043e+00
-1.947678565979003906e+00
-1.921338319778442383e+00
-1.896258473396301270e+00
-1.872407317161560059e+00
-1.849753379821777344e+00
-1.828264832496643066e+00
-1.807910561561584473e+00
-1.788658976554870605e+00
-1.770478367805480957e+00
-1.753337502479553223e+00
-1.737204670906066895e+00
-1.722048640251159668e+00
-1.707837581634521484e+00
-1.694540262222290039e+00
-1.682124972343444824e+00
-1.670560359954833984e+00
-1.659814715385437012e+00
-1.649856805801391602e+00
-1.640654921531677246e+00
-1.632177591323852539e+00
-1.624393343925476074e+00
-1.617270708084106445e+00
-1.610778331756591797e+00
-1.604884266853332520e+00
-1.599557399749755859e+00
-1.594766020774841309e+00
-1.590478777885437012e+00
-1.586664080619812012e+00
-1.583290457725524902e+00
-1.580326318740844727e+00
-1.577740311622619629e+00
-1.575500845909118652e+00
-1.573576331138610840e+00
-1.571935415267944336e+00
-1.570546507835388184e+00
-1.569378137588500977e+00
-1.568398714065551758e+00
-1.567576885223388672e+00
-1.566881179809570312e+00
-1.566279768943786621e+00
-1.565741539001464844e+00
-1.565234661102294922e+00
