# tt
1.116815917968750000e+03
1.042725341796875000e+03
9.735752563476562500e+02
9.205733032226562500e+02
8.824690551757812500e+02
8.563984375000000000e+02
8.392091674804687500e+02
8.288032226562500000e+02
8.236889648437500000e+02
8.222516479492187500e+02
8.244916992187500000e+02
8.291108398437500000e+02
8.347569580078125000e+02
8.417331542968750000e+02
8.505737915039062500e+02
8.610806884765625000e+02
8.728454589843750000e+02
8.853499145507812500e+02
8.981652221679687500e+02
9.113289184570312500e+02
9.249614868164062500e+02
9.390483398437500000e+02
9.535364990234375000e+02
9.683526611328125000e+02
9.834401855468750000e+02
9.988308105468750000e+02
1.014554199218750000e+03
1.030547119140625000e+03
1.046750366210937500e+03
1.063215820312500000e+03
1.080002685546875000e+03
1.097086547851562500e+03
1.114406372070312500e+03
1.131838500976562500e+03
1.149305664062500000e+03
1.166979858398437500e+03
1.185034790039062500e+03
1.203401123046875000e+03
1.221949096679687500e+03
1.240577148437500000e+03
1.259294555664062500e+03
1.278139526367187500e+03
1.297149658203125000e+03
1.316362426757812500e+03
1.335807006835937500e+03
1.355477539062500000e+03
1.375359130859375000e+03
1.395436889648437500e+03
1.415696166992187500e+03
1.436126098632812500e+03
1.456730712890625000e+03
1.477517944335937500e+03
1.498495361328125000e+03
1.519671264648437500e+03
1.541052001953125000e+03
1.562639038085937500e+03
1.584432495117187500e+03
1.606432617187500000e+03
1.628639648437500000e+03
1.651054077148437500e+03
1.673680053710937500e+03
1.696521606445312500e+03
1.719583251953125000e+03
1.742869262695312500e+03
1.766383178710937500e+03
1.790122802734375000e+03
1.814086059570312500e+03
1.838269775390625000e+03
1.862671630859375000e+03
1.887291503906250000e+03
1.912142578125000000e+03
1.937240600585937500e+03
1.962601440429687500e+03
1.988241088867187500e+03
2.014170043945312500e+03
2.040377929687500000e+03
2.066849365234375000e+03
2.093568603515625000e+03
2.120519775390625000e+03
2.147691406250000000e+03
2.175086914062500000e+03
2.202713867187500000e+03
2.230579833984375000e+03
2.258692138671875000e+03
2.287055664062500000e+03
2.315665039062500000e+03
2.344512451171875000e+03
2.373590332031250000e+03
2.402889892578125000e+03
2.432405029296875000e+03
2.462132080078125000e+03
2.492069335937500000e+03
2.522214843750000000e+03
2.552566406250000000e+03
2.583121582031250000e+03
2.613878662109375000e+03
2.644835205078125000e+03
2.675989746093750000e+03
2.707339599609375000e+03
2.738883300781250000e+03
2.770618164062500000e+03
2.802542480468750000e+03
2.834654052734375000e+03
2.866950439453125000e+03
2.899430175781250000e+03
2.932091064453125000e+03
2.964930664062500000e+03
2.997947265625000000e+03
3.031138427734375000e+03
3.064501464843750000e+03
3.098027343750000000e+03
3.131706542968750000e+03
3.165529541015625000e+03
3.199486816406250000e+03
3.233568603515625000e+03
3.267765380859375000e+03
3.302067626953125000e+03
3.336465332031250000e+03
3.370948974609375000e+03
3.405509033203125000e+03
3.440135986328125000e+03
3.474820312500000000e+03
3.509552001953125000e+03
3.544321533203125000e+03
3.579119140625000000e+03
3.613935546875000000e+03
3.648760986328125000e+03
3.683585693359375000e+03
3.718400146484375000e+03
3.753194824218750000e+03
3.787961669921875000e+03
3.822691894531250000e+03
3.857377441406250000e+03
3.892009521484375000e+03
3.926579833984375000e+03
3.961080810546875000e+03
3.995503417968750000e+03
4.029839843750000000e+03
4.064081542968750000e+03
4.098219726562500000e+03
4.132247070312500000e+03
4.166154296875000000e+03
4.199933593750000000e+03
4.233576171875000000e+03
4.267074707031250000e+03
4.300419921875000000e+03
4.333603027343750000e+03
4.366617675781250000e+03
4.399453613281250000e+03
4.432103515625000000e+03
4.464558105468750000e+03
4.496808105468750000e+03
4.528844726562500000e+03
4.560659179687500000e+03
4.592242675781250000e+03
4.623584960937500000e+03
4.654678222656250000e+03
4.685513183593750000e+03
4.716080566406250000e+03
4.746372070312500000e+03
4.776377441406250000e+03
4.806088378906250000e+03
4.835496093750000000e+03
4.864591308593750000e+03
4.893365234375000000e+03
4.921808105468750000e+03
4.949911621093750000e+03
4.977666992187500000e+03
5.005064453125000000e+03
5.032095703125000000e+03
5.058750976562500000e+03
5.085021484375000000e+03
5.110898925781250000e+03
5.136373046875000000e+03
5.161436523437500000e+03
5.186079589843750000e+03
5.210294921875000000e+03
5.234073730468750000e+03
5.257408691406250000e+03
5.280291015625000000e+03
5.302712890625000000e+03
5.324665527343750000e+03
5.346141601562500000e+03
5.367131835937500000e+03
5.387628906250000000e+03
5.407625000000000000e+03
5.427111328125000000e+03
5.446079101562500000e+03
5.464521484375000000e+03
5.482429199218750000e+03
5.499795410156250000e+03
5.516610351562500000e+03
5.532866210937500000e+03
5.548556152343750000e+03
5.563670410156250000e+03
5.578201660156250000e+03
5.592141601562500000e+03
5.605481445312500000e+03
5.618214355468750000e+03
5.630332519531250000e+03
5.641834960937500000e+03
5.652723144531250000e+03
5.662997558593750000e+03
5.672658203125000000e+03
5.681706542968750000e+03
5.690142578125000000e+03
5.697966796875000000e+03
5.705180664062500000e+03
5.711784179687500000e+03
5.717777832031250000e+03
5.723163085937500000e+03
5.727939941406250000e+03
5.732108398437500000e+03
5.735670410156250000e+03
5.738626464843750000e+03
5.740976074218750000e+03
5.742720703125000000e+03
5.743860839843750000e+03
5.744397460937500000e+03
5.744330566406250000e+03
5.743661132812500000e+03
5.742389648437500000e+03
5.740516601562500000e+03
5.738043457031250000e+03
5.734969726562500000e+03
5.731296875000000000e+03
5.727025390625000000e+03
5.722155273437500000e+03
5.716687988281250000e+03
5.710624023437500000e+03
5.703963378906250000e+03
5.696707031250000000e+03
5.688855957031250000e+03
5.680410644531250000e+03
5.671371093750000000e+03
5.661739257812500000e+03
5.651514160156250000e+03
5.640697753906250000e+03
5.629290039062500000e+03
5.617291503906250000e+03
5.604703613281250000e+03
5.591525878906250000e+03
5.577760253906250000e+03
5.563406250000000000e+03
5.548464843750000000e+03
5.532936035156250000e+03
5.516821777343750000e+03
5.500122070312500000e+03
5.482837402343750000e+03
5.464970214843750000e+03
5.446529296875000000e+03
5.427524414062500000e+03
5.407966308593750000e+03
5.387865234375000000e+03
5.367231445312500000e+03
5.346075195312500000e+03
5.324406738281250000e+03
5.302236328125000000e+03
5.279574218750000000e+03
5.256431640625000000e+03
5.232817382812500000e+03
5.208742675781250000e+03
5.184217773437500000e+03
5.159252441406250000e+03
5.133857910156250000e+03
5.108043457031250000e+03
5.081819824218750000e+03
5.055197265625000000e+03
5.028186035156250000e+03
5.000796875000000000e+03
4.973039550781250000e+03
4.944924316406250000e+03
4.916461914062500000e+03
4.887662109375000000e+03
4.858535644531250000e+03
4.829092773437500000e+03
4.799343261718750000e+03
4.769297851562500000e+03
4.738967285156250000e+03
4.708361328125000000e+03
4.677490234375000000e+03
4.646363769531250000e+03
4.614993164062500000e+03
4.583388671875000000e+03
4.551560058593750000e+03
4.519518066406250000e+03
4.487272460937500000e+03
4.454833984375000000e+03
4.422213378906250000e+03
4.389419921875000000e+03
4.356464355468750000e+03
4.323356933593750000e+03
4.290107910156250000e+03
4.256727539062500000e+03
4.223226562500000000e+03
4.189614746093750000e+03
4.155902832031250000e+03
4.122100585937500000e+03
4.088218994140625000e+03
4.054267822265625000e+03
4.020256103515625000e+03
3.986194091796875000e+03
3.952089843750000000e+03
3.917953857421875000e+03
3.883795166015625000e+03
3.849622558593750000e+03
3.815446289062500000e+03
3.781274902343750000e+03
3.747117431640625000e+03
3.712984375000000000e+03
3.678884277343750000e+03
3.644826416015625000e+03
3.610820312500000000e+03
3.576875488281250000e+03
3.543000488281250000e+03
3.509205810546875000e+03
3.475499755859375000e+03
3.441892089843750000e+03
3.408392089843750000e+03
3.375009033203125000e+03
3.341752441406250000e+03
3.308631103515625000e+03
3.275655029296875000e+03
3.242833251953125000e+03
3.210174804687500000e+03
3.177689208984375000e+03
3.145386230468750000e+03
3.113274414062500000e+03
3.081363525390625000e+03
3.049662841796875000e+03
3.018181640625000000e+03
2.986929443359375000e+03
2.955915039062500000e+03
2.925148437500000000e+03
2.894638427734375000e+03
2.864394531250000000e+03
2.834426269531250000e+03
2.804742431640625000e+03
2.775352783203125000e+03
2.746266601562500000e+03
2.717493164062500000e+03
2.689041503906250000e+03
2.660921386718750000e+03
2.633142089843750000e+03
2.605712646484375000e+03
2.578642333984375000e+03
2.551940917968750000e+03
2.525617431640625000e+03
2.499681152343750000e+03
2.474140136718750000e+03
2.448996582031250000e+03
2.424252197265625000e+03
2.399907226562500000e+03
2.375963378906250000e+03
2.352421630859375000e+03
2.329282714843750000e+03
2.306547851562500000e+03
2.284218261718750000e+03
2.262295166015625000e+03
2.240779296875000000e+03
2.219671875000000000e+03
2.198973876953125000e+03
2.178686279296875000e+03
2.158810791015625000e+03
2.139347656250000000e+03
2.120298583984375000e+03
2.101664062500000000e+03
2.083446044921875000e+03
2.065644775390625000e+03
2.048261474609375000e+03
2.031297363281250000e+03
2.014753662109375000e+03
1.998631469726562500e+03
1.982931274414062500e+03
1.967654907226562500e+03
1.952802978515625000e+03
1.938376708984375000e+03
1.924377075195312500e+03
1.910805419921875000e+03
1.897662475585937500e+03
1.884949340820312500e+03
1.872667480468750000e+03
1.860817504882812500e+03
1.849401000976562500e+03
1.838418579101562500e+03
1.827871337890625000e+03
1.817760742187500000e+03
1.808087402343750000e+03
1.798852783203125000e+03
1.790057617187500000e+03
1.781703247070312500e+03
1.773790771484375000e+03
1.766320800781250000e+03
1.759295166015625000e+03
1.752714233398437500e+03
1.746579589843750000e+03
1.740891967773437500e+03
1.735652709960937500e+03
1.730862548828125000e+03
1.726521728515625000e+03
1.722624755859375000e+03
1.719165283203125000e+03
1.716136962890625000e+03
1.713533325195312500e+03
1.711347900390625000e+03
1.709574462890625000e+03
1.708206420898437500e+03
1.707237304687500000e+03
1.706660766601562500e+03
1.706470581054687500e+03
1.706660034179687500e+03
1.707222656250000000e+03
1.708152343750000000e+03
1.709442504882812500e+03
1.711086669921875000e+03
1.713078369140625000e+03
1.715411376953125000e+03
1.718079223632812500e+03
1.721075317382812500e+03
1.724393432617187500e+03
1.728027099609375000e+03
1.731969726562500000e+03
1.736215332031250000e+03
1.740756835937500000e+03
1.745588378906250000e+03
1.750703247070312500e+03
1.756095214843750000e+03
1.761757690429687500e+03
1.767684448242187500e+03
1.773868774414062500e+03
1.780304321289062500e+03
1.786984863281250000e+03
1.793903808593750000e+03
1.801054931640625000e+03
1.808431396484375000e+03
1.816027343750000000e+03
1.823835937500000000e+03
1.831850952148437500e+03
1.840065917968750000e+03
1.848474243164062500e+03
1.857069702148437500e+03
1.865845825195312500e+03
1.874796264648437500e+03
1.883914550781250000e+03
1.893194091796875000e+03
1.902628662109375000e+03
1.912211791992187500e+03
1.921937133789062500e+03
1.931798217773437500e+03
1.941788330078125000e+03
1.951901123046875000e+03
1.962130004882812500e+03
1.972468017578125000e+03
1.982908691406250000e+03
1.993445190429687500e+03
2.004070922851562500e+03
2.014779052734375000e+03
2.025563354492187500e+03
2.036416625976562500e+03
2.047332397460937500e+03
2.058303955078125000e+03
2.069324707031250000e+03
2.080387695312500000e+03
2.091486816406250000e+03
2.102614746093750000e+03
2.113765380859375000e+03
2.124931640625000000e+03
2.136106933593750000e+03
2.147284667968750000e+03
2.158458007812500000e+03
2.169620361328125000e+03
2.180765136718750000e+03
2.191885498046875000e+03
2.202974853515625000e+03
2.214026611328125000e+03
2.225033935546875000e+03
2.235990234375000000e+03
2.246888671875000000e+03
2.257722900390625000e+03
2.268485839843750000e+03
2.279171142578125000e+03
2.289771972656250000e+03
2.300281738281250000e+03
2.310693603515625000e+03
2.321000976562500000e+03
2.331197021484375000e+03
2.341275634765625000e+03
2.351229492187500000e+03
2.361052001953125000e+03
2.370736816406250000e+03
2.380276855468750000e+03
2.389666015625000000e+03
2.398896972656250000e+03
2.407963378906250000e+03
2.416858642578125000e+03
2.425575683593750000e+03
2.434108154296875000e+03
2.442449218750000000e+03
2.450592529296875000e+03
2.458531982421875000e+03
2.466266357421875000e+03
2.473794433593750000e+03
2.481115966796875000e+03
2.488230224609375000e+03
2.495136474609375000e+03
2.501833984375000000e+03
2.508322021484375000e+03
2.514600341796875000e+03
2.520667968750000000e+03
2.526524169921875000e+03
2.532168457031250000e+03
2.537600341796875000e+03
2.542818847656250000e+03
2.547822998046875000e+03
2.552613037109375000e+03
2.557187500000000000e+03
2.561545898437500000e+03
2.565687988281250000e+03
2.569612792968750000e+03
2.573319335937500000e+03
2.576807617187500000e+03
2.580076416015625000e+03
2.583125488281250000e+03
2.585953857421875000e+03
2.588561035156250000e+03
2.590946289062500000e+03
2.593108886718750000e+03
2.595048583984375000e+03
2.596763916015625000e+03
2.598254882812500000e+03
2.599520751953125000e+03
2.600560546875000000e+03
2.601373779296875000e+03
2.601959960937500000e+03
2.602318115234375000e+03
2.602447753906250000e+03
2.602348388671875000e+03
2.602018798828125000e+03
2.601458984375000000e+03
2.600667724609375000e+03
2.599644775390625000e+03
2.598389160156250000e+03
2.596900634765625000e+03
2.595177978515625000e+03
2.593221191406250000e+03
2.591028808593750000e+03
2.588600830078125000e+03
2.585936523437500000e+03
2.583034667968750000e+03
2.579895996093750000e+03
2.576523925781250000e+03
2.572923095703125000e+03
2.569097412109375000e+03
2.565051757812500000e+03
2.560790527343750000e+03
2.556317871093750000e+03
2.551638671875000000e+03
2.546756835937500000e+03
2.541677001953125000e+03
2.536403564453125000e+03
2.530941162109375000e+03
2.525293945312500000e+03
2.519466308593750000e+03
2.513463134765625000e+03
2.507288574218750000e+03
2.500946777343750000e+03
2.494442626953125000e+03
2.487780273437500000e+03
2.480964355468750000e+03
2.473998779296875000e+03
2.466888671875000000e+03
2.459637939453125000e+03
2.452251464843750000e+03
2.444733154296875000e+03
2.437087890625000000e+03
2.429319824218750000e+03
2.421433593750000000e+03
2.413433349609375000e+03
2.405323730468750000e+03
2.397109130859375000e+03
2.388793945312500000e+03
2.380382568359375000e+03
2.371879394531250000e+03
2.363289062500000000e+03
2.354615966796875000e+03
2.345864013671875000e+03
2.337038574218750000e+03
2.328143066406250000e+03
2.319182617187500000e+03
2.310161376953125000e+03
2.301083740234375000e+03
2.291954589843750000e+03
2.282777587890625000e+03
2.273557617187500000e+03
2.264299072265625000e+03
2.255006591796875000e+03
2.245684082031250000e+03
2.236336425781250000e+03
2.226967773437500000e+03
2.217582763671875000e+03
2.208185302734375000e+03
2.198780029296875000e+03
2.189371093750000000e+03
2.179962890625000000e+03
2.170559570312500000e+03
2.161165283203125000e+03
2.151784423828125000e+03
2.142421386718750000e+03
2.133080322265625000e+03
2.123765136718750000e+03
2.114480712890625000e+03
2.105231201171875000e+03
2.096020507812500000e+03
2.086853271484375000e+03
2.077733398437500000e+03
2.068665527343750000e+03
2.059653808593750000e+03
2.050702392578125000e+03
2.041815795898437500e+03
2.032997924804687500e+03
2.024253417968750000e+03
2.015586303710937500e+03
2.007000976562500000e+03
1.998501708984375000e+03
1.990092529296875000e+03
1.981777954101562500e+03
1.973562377929687500e+03
1.965449584960937500e+03
1.957444458007812500e+03
1.949550903320312500e+03
1.941773071289062500e+03
1.934115478515625000e+03
1.926582397460937500e+03
1.919178100585937500e+03
1.911906616210937500e+03
1.904772460937500000e+03
1.897779541015625000e+03
1.890932739257812500e+03
1.884235839843750000e+03
1.877693481445312500e+03
1.871309570312500000e+03
1.865088500976562500e+03
1.859034545898437500e+03
1.853152099609375000e+03
1.847445312500000000e+03
1.841918212890625000e+03
1.836575683593750000e+03
1.831421508789062500e+03
1.826460083007812500e+03
1.821694946289062500e+03
1.817126464843750000e+03
1.812754516601562500e+03
1.808578613281250000e+03
1.804598754882812500e+03
1.800814453125000000e+03
1.797225585937500000e+03
1.793831420898437500e+03
1.790632202148437500e+03
1.787627563476562500e+03
1.784817138671875000e+03
1.782200317382812500e+03
1.779777343750000000e+03
1.777547485351562500e+03
1.775510864257812500e+03
1.773666992187500000e+03
1.772015502929687500e+03
1.770556030273437500e+03
1.769288818359375000e+03
1.768213012695312500e+03
1.767328613281250000e+03
1.766635131835937500e+03
1.766132568359375000e+03
1.765820434570312500e+03
1.765698608398437500e+03
1.765766601562500000e+03
1.766024047851562500e+03
1.766470947265625000e+03
1.767107055664062500e+03
1.767931884765625000e+03
1.768945190429687500e+03
1.770146606445312500e+03
1.771536010742187500e+03
1.773113037109375000e+03
1.774877319335937500e+03
1.776828857421875000e+03
1.778967163085937500e+03
1.781291870117187500e+03
1.783802734375000000e+03
1.786499511718750000e+03
1.789382202148437500e+03
1.792449951171875000e+03
1.795702880859375000e+03
1.799140625000000000e+03
1.802762939453125000e+03
1.806569335937500000e+03
1.810559692382812500e+03
1.814733764648437500e+03
1.819091064453125000e+03
1.823631713867187500e+03
1.828354370117187500e+03
1.833255615234375000e+03
1.838331665039062500e+03
1.843578247070312500e+03
1.848991333007812500e+03
1.854566772460937500e+03
1.860300537109375000e+03
1.866188598632812500e+03
1.872226684570312500e+03
1.878411010742187500e+03
1.884737304687500000e+03
1.891201293945312500e+03
1.897799438476562500e+03
1.904527221679687500e+03
1.911380615234375000e+03
1.918355712890625000e+03
1.925448242187500000e+03
1.932654296875000000e+03
1.939969726562500000e+03
1.947390380859375000e+03
1.954912231445312500e+03
1.962531372070312500e+03
1.970243408203125000e+03
1.978044311523437500e+03
1.985930297851562500e+03
1.993896850585937500e+03
2.001940307617187500e+03
2.010056274414062500e+03
2.018241088867187500e+03
2.026489990234375000e+03
2.034799560546875000e+03
2.043165527343750000e+03
2.051583496093750000e+03
2.060049804687500000e+03
2.068560058593750000e+03
2.077110351562500000e+03
2.085696777343750000e+03
2.094314941406250000e+03
2.102960693359375000e+03
2.111630371093750000e+03
2.120319580078125000e+03
2.129024169921875000e+03
2.137740234375000000e+03
2.146463867187500000e+03
2.155190673828125000e+03
2.163916748046875000e+03
2.172637939453125000e+03
2.181350097656250000e+03
2.190049316406250000e+03
2.198731445312500000e+03
2.207392333984375000e+03
2.216028564453125000e+03
2.224636230468750000e+03
2.233211669921875000e+03
2.241751464843750000e+03
2.250251708984375000e+03
2.258708984375000000e+03
2.267119628906250000e+03
2.275479980468750000e+03
2.283786132812500000e+03
2.292034667968750000e+03
2.300222167968750000e+03
2.308344726562500000e+03
2.316398681640625000e+03
2.324380126953125000e+03
2.332286132812500000e+03
2.340112548828125000e+03
2.347855712890625000e+03
2.355512207031250000e+03
2.363078369140625000e+03
2.370550292968750000e+03
2.377924560546875000e+03
2.385197509765625000e+03
2.392365478515625000e+03
2.399424560546875000e+03
2.406371826171875000e+03
2.413202636718750000e+03
2.419914062500000000e+03
2.426502685546875000e+03
2.432963867187500000e+03
2.439294921875000000e+03
2.445491699218750000e+03
2.451550781250000000e+03
2.457468261718750000e+03
2.463240722656250000e+03
2.468864501953125000e+03
2.474336181640625000e+03
2.479651367187500000e+03
2.484807128906250000e+03
2.489799560546875000e+03
2.494625000000000000e+03
2.499280029296875000e+03
2.503760742187500000e+03
2.508063720703125000e+03
2.512185058593750000e+03
2.516121093750000000e+03
2.519868652343750000e+03
2.523423339843750000e+03
2.526782226562500000e+03
2.529941406250000000e+03
2.532897949218750000e+03
2.535650878906250000e+03
2.538200927734375000e+03
2.540547851562500000e+03
2.542691894531250000e+03
2.544633056640625000e+03
2.546371582031250000e+03
2.547907958984375000e+03
2.549241210937500000e+03
2.550372558593750000e+03
2.551301757812500000e+03
2.552028564453125000e+03
2.552553710937500000e+03
2.552876953125000000e+03
2.552998535156250000e+03
2.552918212890625000e+03
2.552636474609375000e+03
2.552153564453125000e+03
2.551469238281250000e+03
2.550583740234375000e+03
2.549497314453125000e+03
2.548209716796875000e+03
2.546721679687500000e+03
2.545032958984375000e+03
2.543143554687500000e+03
2.541053710937500000e+03
2.538763671875000000e+03
2.536272949218750000e+03
2.533582763671875000e+03
2.530692138671875000e+03
2.527601806640625000e+03
2.524312011718750000e+03
2.520822265625000000e+03
2.517133300781250000e+03
2.513244628906250000e+03
2.509156982421875000e+03
2.504869873046875000e+03
2.500384033203125000e+03
2.495699218750000000e+03
2.490815673828125000e+03
2.485733398437500000e+03
2.480452392578125000e+03
2.474972900390625000e+03
2.469295410156250000e+03
2.463419433593750000e+03
2.457345458984375000e+03
2.451073730468750000e+03
2.444603759765625000e+03
2.437936279296875000e+03
2.431071044921875000e+03
2.424009033203125000e+03
2.416752929687500000e+03
2.409306152343750000e+03
2.401672363281250000e+03
2.393854980468750000e+03
2.385857421875000000e+03
2.377683349609375000e+03
2.369335937500000000e+03
2.360818847656250000e+03
2.352135498046875000e+03
2.343289306640625000e+03
2.334283935546875000e+03
2.325122558593750000e+03
2.315808837890625000e+03
2.306346435546875000e+03
2.296738525390625000e+03
2.286988281250000000e+03
2.277100097656250000e+03
2.267076660156250000e+03
2.256921630859375000e+03
2.246638671875000000e+03
2.236231201171875000e+03
2.225702392578125000e+03
2.215056152343750000e+03
2.204295654296875000e+03
2.193424316406250000e+03
2.182446044921875000e+03
2.171363769531250000e+03
2.160181152343750000e+03
2.148902099609375000e+03
2.137529541015625000e+03
2.126066894531250000e+03
2.114518066406250000e+03
2.102886474609375000e+03
2.091175048828125000e+03
2.079387939453125000e+03
2.067528320312500000e+03
2.055599609375000000e+03
2.043605224609375000e+03
2.031548828125000000e+03
2.019433837890625000e+03
2.007263549804687500e+03
1.995041992187500000e+03
1.982771850585937500e+03
1.970457031250000000e+03
1.958101196289062500e+03
1.945707397460937500e+03
1.933279296875000000e+03
1.920820434570312500e+03
1.908334106445312500e+03
1.895823852539062500e+03
1.883293090820312500e+03
1.870744750976562500e+03
1.858182250976562500e+03
1.845609008789062500e+03
1.833027832031250000e+03
1.820442260742187500e+03
1.807855590820312500e+03
1.795270751953125000e+03
1.782691284179687500e+03
1.770119995117187500e+03
1.757560791015625000e+03
1.745016357421875000e+03
1.732490356445312500e+03
1.719985595703125000e+03
1.707505493164062500e+03
1.695053344726562500e+03
1.682632324218750000e+03
1.670245727539062500e+03
1.657896850585937500e+03
1.645588623046875000e+03
1.633324707031250000e+03
1.621108032226562500e+03
1.608941894531250000e+03
1.596829589843750000e+03
1.584774414062500000e+03
1.572779418945312500e+03
1.560848022460937500e+03
1.548983398437500000e+03
1.537188720703125000e+03
1.525467285156250000e+03
1.513822387695312500e+03
1.502257202148437500e+03
1.490775024414062500e+03
1.479378906250000000e+03
1.468072265625000000e+03
1.456858276367187500e+03
1.445740234375000000e+03
1.434721313476562500e+03
1.423804809570312500e+03
1.412994018554687500e+03
1.402291870117187500e+03
1.391701904296875000e+03
1.381227294921875000e+03
1.370871215820312500e+03
1.360636962890625000e+03
1.350527709960937500e+03
1.340546875000000000e+03
1.330697509765625000e+03
1.320982788085937500e+03
1.311405761718750000e+03
1.301967041015625000e+03
1.292667114257812500e+03
1.283506347656250000e+03
1.274485107421875000e+03
1.265603881835937500e+03
1.256862915039062500e+03
1.248262817382812500e+03
1.239803955078125000e+03
1.231486450195312500e+03
1.223311035156250000e+03
1.215277832031250000e+03
1.207387329101562500e+03
1.199640014648437500e+03
1.192036254882812500e+03
1.184576293945312500e+03
1.177260742187500000e+03
1.170089721679687500e+03
1.163063842773437500e+03
1.156183471679687500e+03
1.149449096679687500e+03
1.142860717773437500e+03
1.136419067382812500e+03
1.130124633789062500e+03
1.123977539062500000e+03
1.117978271484375000e+03
1.112127319335937500e+03
1.106424926757812500e+03
1.100871459960937500e+03
1.095467651367187500e+03
1.090213378906250000e+03
1.085109497070312500e+03
1.080156127929687500e+03
1.075353759765625000e+03
1.070702758789062500e+03
1.066203613281250000e+03
1.061856445312500000e+03
1.057662109375000000e+03
1.053620605468750000e+03
1.049732299804687500e+03
1.045998046875000000e+03
1.042417724609375000e+03
1.038991943359375000e+03
1.035721069335937500e+03
1.032605590820312500e+03
1.029645874023437500e+03
1.026842163085937500e+03
1.024194946289062500e+03
1.021704650878906250e+03
1.019371704101562500e+03
1.017195922851562500e+03
1.015175659179687500e+03
1.013308837890625000e+03
1.011593200683593750e+03
1.010026611328125000e+03
1.008606933593750000e+03
1.007331970214843750e+03
1.006199645996093750e+03
1.005207763671875000e+03
1.004354064941406250e+03
1.003636657714843750e+03
1.003053039550781250e+03
1.002601318359375000e+03
1.002279296875000000e+03
1.002084777832031250e+03
1.002015502929687500e+03
1.002069519042968750e+03
1.002244506835937500e+03
1.002538452148437500e+03
1.002948974609375000e+03
1.003474182128906250e+03
1.004111755371093750e+03
1.004859619140625000e+03
1.005715576171875000e+03
1.006677429199218750e+03
1.007743164062500000e+03
1.008910461425781250e+03
1.010177246093750000e+03
1.011541320800781250e+03
1.013000671386718750e+03
1.014552978515625000e+03
1.016196105957031250e+03
1.017927917480468750e+03
1.019746337890625000e+03
1.021649047851562500e+03
1.023634033203125000e+03
1.025699218750000000e+03
1.027842163085937500e+03
1.030060913085937500e+03
1.032353393554687500e+03
1.034717163085937500e+03
1.037150268554687500e+03
1.039650512695312500e+03
1.042215820312500000e+03
1.044843872070312500e+03
1.047532592773437500e+03
1.050279907226562500e+03
1.053083618164062500e+03
1.055941406250000000e+03
1.058851318359375000e+03
1.061811035156250000e+03
1.064818359375000000e+03
1.067870605468750000e+03
1.070965576171875000e+03
1.074100585937500000e+03
1.077273559570312500e+03
1.080481811523437500e+03
1.083723022460937500e+03
1.086994628906250000e+03
1.090294555664062500e+03
1.093620117187500000e+03
1.096968872070312500e+03
1.100338378906250000e+03
1.103726440429687500e+03
1.107130371093750000e+03
1.110547973632812500e+03
1.113976684570312500e+03
1.117414062500000000e+03
1.120857788085937500e+03
1.124305541992187500e+03
1.127754516601562500e+03
1.131202636718750000e+03
1.134647338867187500e+03
1.138086303710937500e+03
1.141516967773437500e+03
1.144936889648437500e+03
1.148343872070312500e+03
1.151735351562500000e+03
1.155108886718750000e+03
1.158462036132812500e+03
1.161792480468750000e+03
1.165097656250000000e+03
1.168375366210937500e+03
1.171622924804687500e+03
1.174838134765625000e+03
1.178018432617187500e+03
1.181161376953125000e+03
1.184264648437500000e+03
1.187325805664062500e+03
1.190342407226562500e+03
1.193311889648437500e+03
1.196232177734375000e+03
1.199100463867187500e+03
1.201914550781250000e+03
1.204671997070312500e+03
1.207370483398437500e+03
1.210007202148437500e+03
1.212580078125000000e+03
1.215086791992187500e+03
1.217524414062500000e+03
1.219891357421875000e+03
1.222186523437500000e+03
1.224409423828125000e+03
1.226559692382812500e+03
1.228636718750000000e+03
1.230640136718750000e+03
1.232569213867187500e+03
1.234423461914062500e+03
1.236202514648437500e+03
1.237906005859375000e+03
1.239533081054687500e+03
1.241083496093750000e+03
1.242556640625000000e+03
1.243951904296875000e+03
1.245269042968750000e+03
1.246507446289062500e+03
1.247666625976562500e+03
1.248745849609375000e+03
1.249744873046875000e+03
1.250663208007812500e+03
1.251500122070312500e+03
1.252255371093750000e+03
1.252928222656250000e+03
1.253518310546875000e+03
1.254025146484375000e+03
1.254447998046875000e+03
1.254786743164062500e+03
1.255040649414062500e+03
1.255209228515625000e+03
1.255291870117187500e+03
1.255288330078125000e+03
1.255197875976562500e+03
1.255020019531250000e+03
1.254754516601562500e+03
1.254400634765625000e+03
1.253957763671875000e+03
1.253425659179687500e+03
1.252803710937500000e+03
1.252091308593750000e+03
1.251288085937500000e+03
1.250393432617187500e+03
1.249407104492187500e+03
1.248328247070312500e+03
1.247156494140625000e+03
1.245891479492187500e+03
1.244532470703125000e+03
1.243079101562500000e+03
1.241530883789062500e+03
1.239887207031250000e+03
1.238147583007812500e+03
1.236312011718750000e+03
1.234381347656250000e+03
1.232357055664062500e+03
1.230240600585937500e+03
1.228033325195312500e+03
1.225736694335937500e+03
1.223352050781250000e+03
1.220880981445312500e+03
1.218324584960937500e+03
1.215684326171875000e+03
1.212961914062500000e+03
1.210158447265625000e+03
1.207275390625000000e+03
1.204314208984375000e+03
1.201276123046875000e+03
1.198162841796875000e+03
1.194975585937500000e+03
1.191715820312500000e+03
1.188384887695312500e+03
1.184984252929687500e+03
1.181515258789062500e+03
1.177979248046875000e+03
1.174377929687500000e+03
1.170712280273437500e+03
1.166984008789062500e+03
1.163194458007812500e+03
1.159344970703125000e+03
1.155436889648437500e+03
1.151471801757812500e+03
1.147450927734375000e+03
1.143375854492187500e+03
1.139247924804687500e+03
1.135068481445312500e+03
1.130838867187500000e+03
1.126560668945312500e+03
1.122235229492187500e+03
1.117863891601562500e+03
1.113447998046875000e+03
1.108989135742187500e+03
1.104488525390625000e+03
1.099947753906250000e+03
1.095368041992187500e+03
1.090750976562500000e+03
1.086097900390625000e+03
1.081410034179687500e+03
1.076689086914062500e+03
1.071936279296875000e+03
1.067152954101562500e+03
1.062340698242187500e+03
1.057500732421875000e+03
1.052634643554687500e+03
1.047744018554687500e+03
1.042830444335937500e+03
1.037895751953125000e+03
1.032941528320312500e+03
1.027969360351562500e+03
1.022980957031250000e+03
1.017978027343750000e+03
1.012962097167968750e+03
1.007935058593750000e+03
1.002898559570312500e+03
9.978540649414062500e+02
9.928033447265625000e+02
9.877481079101562500e+02
9.826899414062500000e+02
9.776306152343750000e+02
9.725715942382812500e+02
9.675148925781250000e+02
9.624618530273437500e+02
9.574143066406250000e+02
9.523737182617187500e+02
9.473420410156250000e+02
9.423208007812500000e+02
9.373117065429687500e+02
9.323163452148437500e+02
9.273364257812500000e+02
9.223735351562500000e+02
9.174295043945312500e+02
9.125059204101562500e+02
9.076044311523437500e+02
9.027266235351562500e+02
8.978743896484375000e+02
8.930491943359375000e+02
8.882528686523437500e+02
8.834868164062500000e+02
8.787529907226562500e+02
8.740528564453125000e+02
8.693881835937500000e+02
8.647606811523437500e+02
8.601718750000000000e+02
8.556234741210937500e+02
8.511172485351562500e+02
8.466547851562500000e+02
8.422377319335937500e+02
8.378677978515625000e+02
8.335465698242187500e+02
8.292758178710937500e+02
8.250571899414062500e+02
8.208923339843750000e+02
8.167828369140625000e+02
8.127302856445312500e+02
8.087352294921875000e+02
8.047979125976562500e+02
8.009188232421875000e+02
7.970983276367187500e+02
7.933367919921875000e+02
7.896345214843750000e+02
7.859918823242187500e+02
7.824093017578125000e+02
7.788871459960937500e+02
7.754257202148437500e+02
7.720253906250000000e+02
7.686866455078125000e+02
7.654097290039062500e+02
7.621950683593750000e+02
7.590429687500000000e+02
7.559538574218750000e+02
7.529281005859375000e+02
7.499660644531250000e+02
7.470679931640625000e+02
7.442344360351562500e+02
7.414656982421875000e+02
7.387620849609375000e+02
7.361240234375000000e+02
7.335518188476562500e+02
7.310459594726562500e+02
7.286066894531250000e+02
7.262344360351562500e+02
7.239295654296875000e+02
7.216923828125000000e+02
7.195233764648437500e+02
7.174227294921875000e+02
7.153909912109375000e+02
7.134284667968750000e+02
7.115354614257812500e+02
7.097124633789062500e+02
7.079597167968750000e+02
7.062776489257812500e+02
7.046666259765625000e+02
7.031270141601562500e+02
7.016591186523437500e+02
7.002634277343750000e+02
6.989401855468750000e+02
6.976898803710937500e+02
6.965127563476562500e+02
6.954092407226562500e+02
6.943797607421875000e+02
6.934244995117187500e+02
6.925440673828125000e+02
6.917386474609375000e+02
6.910084838867187500e+02
6.903526000976562500e+02
6.897702026367187500e+02
6.892601318359375000e+02
6.888214111328125000e+02
6.884529418945312500e+02
6.881536254882812500e+02
6.879226684570312500e+02
6.877588500976562500e+02
6.876611328125000000e+02
6.876286010742187500e+02
6.876601562500000000e+02
6.877548217773437500e+02
6.879114379882812500e+02
6.881290893554687500e+02
6.884067382812500000e+02
6.887432861328125000e+02
6.891377563476562500e+02
6.895890502929687500e+02
6.900962524414062500e+02
6.906582641601562500e+02
6.912739868164062500e+02
6.919425659179687500e+02
6.926627807617187500e+02
6.934337158203125000e+02
6.942542724609375000e+02
6.951234741210937500e+02
6.960402832031250000e+02
6.970036621093750000e+02
6.980125732421875000e+02
6.990659179687500000e+02
7.001627807617187500e+02
7.013021240234375000e+02
7.024827880859375000e+02
7.037039184570312500e+02
7.049642944335937500e+02
7.062630615234375000e+02
7.075990600585937500e+02
7.089713745117187500e+02
7.103788452148437500e+02
7.118204956054687500e+02
7.132953491210937500e+02
7.148023071289062500e+02
7.163403320312500000e+02
7.179084472656250000e+02
7.195055541992187500e+02
7.211306762695312500e+02
7.227827758789062500e+02
7.244608154296875000e+02
7.261637573242187500e+02
7.278905029296875000e+02
7.296398925781250000e+02
7.314105224609375000e+02
7.332012329101562500e+02
7.350105590820312500e+02
7.368374633789062500e+02
7.386804809570312500e+02
7.405383300781250000e+02
7.424098510742187500e+02
7.442936401367187500e+02
7.461884155273437500e+02
7.480929565429687500e+02
7.500059204101562500e+02
7.519260864257812500e+02
7.538520507812500000e+02
7.557826538085937500e+02
7.577166137695312500e+02
7.596525268554687500e+02
7.615891723632812500e+02
7.635253295898437500e+02
7.654595947265625000e+02
7.673907470703125000e+02
7.693175048828125000e+02
7.712385864257812500e+02
7.731525878906250000e+02
7.750584716796875000e+02
7.769547119140625000e+02
7.788400878906250000e+02
7.807134399414062500e+02
7.825733032226562500e+02
7.844185180664062500e+02
7.862477416992187500e+02
7.880597534179687500e+02
7.898531494140625000e+02
7.916267089843750000e+02
7.933792114257812500e+02
7.951092529296875000e+02
7.968156127929687500e+02
7.984970092773437500e+02
8.001521606445312500e+02
8.017797241210937500e+02
8.033784790039062500e+02
8.049470825195312500e+02
8.064843750000000000e+02
8.079888916015625000e+02
8.094594726562500000e+02
8.108947143554687500e+02
8.122935180664062500e+02
8.136544189453125000e+02
8.149762573242187500e+02
8.162578125000000000e+02
8.174985961914062500e+02
8.186981811523437500e+02
8.198562622070312500e+02
8.209723510742187500e+02
8.220461425781250000e+02
8.230772094726562500e+02
8.240652465820312500e+02
8.250097656250000000e+02
8.259104003906250000e+02
8.267667846679687500e+02
8.275786132812500000e+02
8.283453979492187500e+02
8.290667724609375000e+02
8.297423706054687500e+02
8.303718872070312500e+02
8.309547119140625000e+02
8.314906616210937500e+02
8.319793701171875000e+02
8.324203491210937500e+02
8.328131713867187500e+02
8.331575927734375000e+02
8.334531250000000000e+02
8.336995239257812500e+02
8.338961791992187500e+02
8.340429077148437500e+02
8.341392211914062500e+02
8.341848144531250000e+02
8.341791381835937500e+02
8.341220092773437500e+02
8.340130004882812500e+02
8.338515625000000000e+02
8.336375122070312500e+02
8.333703613281250000e+02
8.330497436523437500e+02
8.326753540039062500e+02
8.322466430664062500e+02
8.317634277343750000e+02
8.312251586914062500e+02
8.306314697265625000e+02
8.299821166992187500e+02
8.292765502929687500e+02
8.285144653320312500e+02
8.276954345703125000e+02
8.268191528320312500e+02
8.258851318359375000e+02
8.248931274414062500e+02
8.238425903320312500e+02
8.227332763671875000e+02
8.215646972656250000e+02
8.203367309570312500e+02
8.190498046875000000e+02
8.177047729492187500e+02
8.163021240234375000e+02
8.148425903320312500e+02
8.133269653320312500e+02
8.117557983398437500e+02
8.101298828125000000e+02
8.084498901367187500e+02
8.067165527343750000e+02
8.049304199218750000e+02
8.030922851562500000e+02
8.012028198242187500e+02
7.992626953125000000e+02
7.972725830078125000e+02
7.952332763671875000e+02
7.931453857421875000e+02
7.910095214843750000e+02
7.888265380859375000e+02
7.865970458984375000e+02
7.843217163085937500e+02
7.820012207031250000e+02
7.796362304687500000e+02
7.772276000976562500e+02
7.747758789062500000e+02
7.722817382812500000e+02
7.697459106445312500e+02
7.671691284179687500e+02
7.645519409179687500e+02
7.618952026367187500e+02
7.591994628906250000e+02
7.564655761718750000e+02
7.536940917968750000e+02
7.508857421875000000e+02
7.480411987304687500e+02
7.451611938476562500e+02
7.422463378906250000e+02
7.392974243164062500e+02
7.363150634765625000e+02
7.332999877929687500e+02
7.302528076171875000e+02
7.271743774414062500e+02
7.240651855468750000e+02
7.209260253906250000e+02
7.177576293945312500e+02
7.145606079101562500e+02
7.113356933593750000e+02
7.080834960937500000e+02
7.048048095703125000e+02
7.015002441406250000e+02
6.981706542968750000e+02
6.948168334960937500e+02
6.914398193359375000e+02
6.880406494140625000e+02
6.846202392578125000e+02
6.811796264648437500e+02
6.777196655273437500e+02
6.742415771484375000e+02
6.707461547851562500e+02
6.672344360351562500e+02
6.637074584960937500e+02
6.601660766601562500e+02
6.566113891601562500e+02
6.530443115234375000e+02
6.494660034179687500e+02
6.458771972656250000e+02
6.422789916992187500e+02
6.386724243164062500e+02
6.350584106445312500e+02
6.314379272460937500e+02
6.278120727539062500e+02
6.241816406250000000e+02
6.205477905273437500e+02
6.169113769531250000e+02
6.132734985351562500e+02
6.096350708007812500e+02
6.059970703125000000e+02
6.023605346679687500e+02
5.987264404296875000e+02
5.950957031250000000e+02
5.914694213867187500e+02
5.878484497070312500e+02
5.842338867187500000e+02
5.806266479492187500e+02
5.770277099609375000e+02
5.734381103515625000e+02
5.698588256835937500e+02
5.662908325195312500e+02
5.627351074218750000e+02
5.591926269531250000e+02
5.556643676757812500e+02
5.521513671875000000e+02
5.486545410156250000e+02
5.451749267578125000e+02
5.417135009765625000e+02
5.382712402343750000e+02
5.348491210937500000e+02
5.314481201171875000e+02
5.280692749023437500e+02
5.247135009765625000e+02
5.213817138671875000e+02
5.180744628906250000e+02
5.147921142578125000e+02
5.115350036621093750e+02
5.083036804199218750e+02
5.050984802246093750e+02
5.019197998046875000e+02
4.987680664062500000e+02
4.956436767578125000e+02
4.925470275878906250e+02
4.894785766601562500e+02
4.864386901855468750e+02
4.834277954101562500e+02
4.804462890625000000e+02
4.774945373535156250e+02
4.745730285644531250e+02
4.716821289062500000e+02
4.688222351074218750e+02
4.659937744140625000e+02
4.631971130371093750e+02
4.604327392578125000e+02
4.577010192871093750e+02
4.550023193359375000e+02
4.523371582031250000e+02
4.497058105468750000e+02
4.471087646484375000e+02
4.445463562011718750e+02
4.420191345214843750e+02
4.395273742675781250e+02
4.370715026855468750e+02
4.346519775390625000e+02
4.322691345214843750e+02
4.299234619140625000e+02
4.276153259277343750e+02
4.253451538085937500e+02
4.231133117675781250e+02
4.209202575683593750e+02
4.187663879394531250e+02
4.166520996093750000e+02
4.145777587890625000e+02
4.125438537597656250e+02
4.105507507324218750e+02
4.085988464355468750e+02
4.066885681152343750e+02
4.048203125000000000e+02
4.029944763183593750e+02
4.012114868164062500e+02
3.994717712402343750e+02
3.977756958007812500e+02
3.961236877441406250e+02
3.945160522460937500e+02
3.929524841308593750e+02
3.914326477050781250e+02
3.899561767578125000e+02
3.885227050781250000e+02
3.871318359375000000e+02
3.857832336425781250e+02
3.844764709472656250e+02
3.832112426757812500e+02
3.819871520996093750e+02
3.808037719726562500e+02
3.796608581542968750e+02
3.785578918457031250e+02
3.774945983886718750e+02
3.764706115722656250e+02
3.754854736328125000e+02
3.745389404296875000e+02
3.736304931640625000e+02
3.727599182128906250e+02
3.719266967773437500e+02
3.711305541992187500e+02
3.703710937500000000e+02
3.696479187011718750e+02
3.689606933593750000e+02
3.683090515136718750e+02
3.676925659179687500e+02
3.671109008789062500e+02
3.665637207031250000e+02
3.660505981445312500e+02
3.655711975097656250e+02
3.651251220703125000e+02
3.647120056152343750e+02
3.643315124511718750e+02
3.639832153320312500e+02
3.636667785644531250e+02
3.633818359375000000e+02
3.631279907226562500e+02
3.629048767089843750e+02
3.627121582031250000e+02
3.625494079589843750e+02
3.624162902832031250e+02
3.623124389648437500e+02
3.622374572753906250e+02
3.621909790039062500e+02
3.621726684570312500e+02
3.621821289062500000e+02
3.622189636230468750e+02
3.622828369140625000e+02
3.623733520507812500e+02
3.624901733398437500e+02
3.626328430175781250e+02
3.628007507324218750e+02
3.629932556152343750e+02
3.632096557617187500e+02
3.634493103027343750e+02
3.637115478515625000e+02
3.639956970214843750e+02
3.643011169433593750e+02
3.646270751953125000e+02
3.649729614257812500e+02
3.653380737304687500e+02
3.657217712402343750e+02
3.661234130859375000e+02
3.665422668457031250e+02
3.669776916503906250e+02
3.674290466308593750e+02
3.678956604003906250e+02
3.683768310546875000e+02
3.688718872070312500e+02
3.693801879882812500e+02
3.699010925292968750e+02
3.704338989257812500e+02
3.709779357910156250e+02
3.715325927734375000e+02
3.720971069335937500e+02
3.726708679199218750e+02
3.732532348632812500e+02
3.738434753417968750e+02
3.744409790039062500e+02
3.750450439453125000e+02
3.756550598144531250e+02
3.762702636718750000e+02
3.768900451660156250e+02
3.775137329101562500e+02
3.781406860351562500e+02
3.787701721191406250e+02
3.794016113281250000e+02
3.800342712402343750e+02
3.806675109863281250e+02
3.813006591796875000e+02
3.819330139160156250e+02
3.825639648437500000e+02
3.831928100585937500e+02
3.838189086914062500e+02
3.844415588378906250e+02
3.850601196289062500e+02
3.856739501953125000e+02
3.862823181152343750e+02
3.868845825195312500e+02
3.874800720214843750e+02
3.880682067871093750e+02
3.886485900878906250e+02
3.892208557128906250e+02
3.897846069335937500e+02
3.903396301269531250e+02
3.908854370117187500e+02
3.914218139648437500e+02
3.919483337402343750e+02
3.924646911621093750e+02
3.929704895019531250e+02
3.934654846191406250e+02
3.939492187500000000e+02
3.944214477539062500e+02
3.948817749023437500e+02
3.953298645019531250e+02
3.957654113769531250e+02
3.961879882812500000e+02
3.965973205566406250e+02
3.969930725097656250e+02
3.973748474121093750e+02
3.977423400878906250e+02
3.980951843261718750e+02
3.984331054687500000e+02
3.987556457519531250e+02
3.990625305175781250e+02
3.993534240722656250e+02
3.996279907226562500e+02
3.998858337402343750e+02
4.001266174316406250e+02
4.003500671386718750e+02
4.005557556152343750e+02
4.007434387207031250e+02
4.009126586914062500e+02
4.010631408691406250e+02
4.011945190429687500e+02
4.013064880371093750e+02
4.013986816406250000e+02
4.014707031250000000e+02
4.015223083496093750e+02
4.015530700683593750e+02
4.015626831054687500e+02
4.015508117675781250e+02
4.015171203613281250e+02
4.014612121582031250e+02
4.013827819824218750e+02
4.012814941406250000e+02
4.011570129394531250e+02
4.010089416503906250e+02
4.008370056152343750e+02
4.006408081054687500e+02
4.004201354980468750e+02
4.001750488281250000e+02
3.999057617187500000e+02
3.996124572753906250e+02
3.992953491210937500e+02
3.989545593261718750e+02
3.985903320312500000e+02
3.982028503417968750e+02
3.977923278808593750e+02
3.973588562011718750e+02
3.969027404785156250e+02
3.964241027832031250e+02
3.959231262207031250e+02
3.954000549316406250e+02
3.948550109863281250e+02
3.942882690429687500e+02
3.936999206542968750e+02
3.930902099609375000e+02
3.924593200683593750e+02
3.918074340820312500e+02
3.911347351074218750e+02
3.904414062500000000e+02
3.897276611328125000e+02
3.889936828613281250e+02
3.882396545410156250e+02
3.874657592773437500e+02
3.866721801757812500e+02
3.858591308593750000e+02
3.850267944335937500e+02
3.841753234863281250e+02
3.833049621582031250e+02
3.824158325195312500e+02
3.815082092285156250e+02
3.805822143554687500e+02
3.796380615234375000e+02
3.786759338378906250e+02
3.776960144042968750e+02
3.766984863281250000e+02
3.756835632324218750e+02
3.746514282226562500e+02
3.736022644042968750e+02
3.725362548828125000e+02
3.714535827636718750e+02
3.703544616699218750e+02
3.692390747070312500e+02
3.681075744628906250e+02
3.669602050781250000e+02
3.657971191406250000e+02
3.646184997558593750e+02
3.634245605468750000e+02
3.622155456542968750e+02
3.609917602539062500e+02
3.597537536621093750e+02
3.585018615722656250e+02
3.572366027832031250e+02
3.559583129882812500e+02
3.546674804687500000e+02
3.533645324707031250e+02
3.520498657226562500e+02
3.507239685058593750e+02
3.493872375488281250e+02
3.480401000976562500e+02
3.466830139160156250e+02
3.453163452148437500e+02
3.439406127929687500e+02
3.425562133789062500e+02
3.411635437011718750e+02
3.397630615234375000e+02
3.383552246093750000e+02
3.369404296875000000e+02
3.355191040039062500e+02
3.340916748046875000e+02
3.326585998535156250e+02
3.312203063964843750e+02
3.297772216796875000e+02
3.283297729492187500e+02
3.268783874511718750e+02
3.254235229492187500e+02
3.239655761718750000e+02
3.225049743652343750e+02
3.210422058105468750e+02
3.195776367187500000e+02
3.181116943359375000e+02
3.166448669433593750e+02
3.151775817871093750e+02
3.137102050781250000e+02
3.122432250976562500e+02
3.107770690917968750e+02
3.093121032714843750e+02
3.078488769531250000e+02
3.063877258300781250e+02
3.049291076660156250e+02
3.034734497070312500e+02
3.020212097167968750e+02
3.005727844238281250e+02
2.991286010742187500e+02
2.976891479492187500e+02
2.962547912597656250e+02
2.948259887695312500e+02
2.934031677246093750e+02
2.919867553710937500e+02
2.905769958496093750e+02
2.891741333007812500e+02
2.877784118652343750e+02
2.863900756835937500e+02
2.850093994140625000e+02
2.836365966796875000e+02
2.822719421386718750e+02
2.809156188964843750e+02
2.795679321289062500e+02
2.782290954589843750e+02
2.768993530273437500e+02
2.755789794921875000e+02
2.742681579589843750e+02
2.729672241210937500e+02
2.716763610839843750e+02
2.703957824707031250e+02
2.691258239746093750e+02
2.678666381835937500e+02
2.666185607910156250e+02
2.653817443847656250e+02
2.641564636230468750e+02
2.629429931640625000e+02
2.617415771484375000e+02
2.605524291992187500e+02
2.593757629394531250e+02
2.582119445800781250e+02
2.570610656738281250e+02
2.559234619140625000e+02
2.547993774414062500e+02
2.536890258789062500e+02
2.525926666259765625e+02
2.515105438232421875e+02
2.504429016113281250e+02
2.493899688720703125e+02
2.483520202636718750e+02
2.473292846679687500e+02
2.463219757080078125e+02
2.453303833007812500e+02
2.443547210693359375e+02
2.433952789306640625e+02
2.424522552490234375e+02
2.415258941650390625e+02
2.406164703369140625e+02
2.397242126464843750e+02
2.388493652343750000e+02
2.379921722412109375e+02
2.371528625488281250e+02
2.363317108154296875e+02
2.355289459228515625e+02
2.347447357177734375e+02
2.339790496826171875e+02
2.332317810058593750e+02
2.325027770996093750e+02
2.317919769287109375e+02
2.310992126464843750e+02
2.304244079589843750e+02
2.297674102783203125e+02
2.291281280517578125e+02
2.285064697265625000e+02
2.279022674560546875e+02
2.273154602050781250e+02
2.267458801269531250e+02
2.261934814453125000e+02
2.256580657958984375e+02
2.251396026611328125e+02
2.246379089355468750e+02
2.241529083251953125e+02
2.236844787597656250e+02
2.232324676513671875e+02
2.227968292236328125e+02
2.223774108886718750e+02
2.219741058349609375e+02
2.215867919921875000e+02
2.212153472900390625e+02
2.208596649169921875e+02
2.205196533203125000e+02
2.201951599121093750e+02
2.198860931396484375e+02
2.195923309326171875e+02
2.193137664794921875e+02
2.190502777099609375e+02
2.188017425537109375e+02
2.185680541992187500e+02
2.183491058349609375e+02
2.181447601318359375e+02
2.179549255371093750e+02
2.177794799804687500e+02
2.176183319091796875e+02
2.174713134765625000e+02
2.173383636474609375e+02
2.172193298339843750e+02
2.171141052246093750e+02
2.170226135253906250e+02
2.169446716308593750e+02
2.168802185058593750e+02
2.168291168212890625e+02
2.167912750244140625e+02
2.167665405273437500e+02
2.167548217773437500e+02
2.167559814453125000e+02
2.167697143554687500e+02
2.167957611083984375e+02
2.168337554931640625e+02
2.168834686279296875e+02
2.169445495605468750e+02
2.170166778564453125e+02
2.170995941162109375e+02
2.171929779052734375e+02
2.172965087890625000e+02
2.174099273681640625e+02
2.175328826904296875e+02
2.176650695800781250e+02
2.178061981201171875e+02
2.179559936523437500e+02
2.181140899658203125e+02
2.182802276611328125e+02
2.184540863037109375e+02
2.186353912353515625e+02
2.188237762451171875e+02
2.190189971923828125e+02
2.192207336425781250e+02
2.194286651611328125e+02
2.196424865722656250e+02
2.198619079589843750e+02
2.200866241455078125e+02
2.203163452148437500e+02
2.205507202148437500e+02
2.207894897460937500e+02
2.210323181152343750e+02
2.212789306640625000e+02
2.215290069580078125e+02
2.217822418212890625e+02
2.220383605957031250e+02
2.222969970703125000e+02
2.225578918457031250e+02
2.228207244873046875e+02
2.230852050781250000e+02
2.233510437011718750e+02
2.236178741455078125e+02
2.238854370117187500e+02
2.241534423828125000e+02
2.244215698242187500e+02
2.246894989013671875e+02
2.249569396972656250e+02
2.252236022949218750e+02
2.254891510009765625e+02
2.257532806396484375e+02
2.260157470703125000e+02
2.262761688232421875e+02
2.265342864990234375e+02
2.267899169921875000e+02
2.270428161621093750e+02
2.272927856445312500e+02
2.275396728515625000e+02
2.277832336425781250e+02
2.280233001708984375e+02
2.282596435546875000e+02
2.284920654296875000e+02
2.287203826904296875e+02
2.289443817138671875e+02
2.291638793945312500e+02
2.293786621093750000e+02
2.295885620117187500e+02
2.297933197021484375e+02
2.299927978515625000e+02
2.301867523193359375e+02
2.303750000000000000e+02
2.305573425292968750e+02
2.307335815429687500e+02
2.309035034179687500e+02
2.310669403076171875e+02
2.312236633300781250e+02
2.313734893798828125e+02
2.315162200927734375e+02
2.316516418457031250e+02
2.317795562744140625e+02
2.318997650146484375e+02
2.320120697021484375e+02
2.321162872314453125e+02
2.322122192382812500e+02
2.322996215820312500e+02
2.323783264160156250e+02
2.324481506347656250e+02
2.325088958740234375e+02
2.325603027343750000e+02
2.326022186279296875e+02
2.326344451904296875e+02
2.326567993164062500e+02
2.326690521240234375e+02
2.326709747314453125e+02
2.326624145507812500e+02
2.326431884765625000e+02
2.326130523681640625e+02
2.325718231201171875e+02
2.325193023681640625e+02
2.324552917480468750e+02
2.323795928955078125e+02
2.322920074462890625e+02
2.321923217773437500e+02
2.320803985595703125e+02
2.319562377929687500e+02
2.318198699951171875e+02
2.316713867187500000e+02
2.315108032226562500e+02
2.313382110595703125e+02
2.311536254882812500e+02
2.309570770263671875e+02
2.307486877441406250e+02
2.305284576416015625e+02
2.302964477539062500e+02
2.300527343750000000e+02
2.297973175048828125e+02
2.295302886962890625e+02
2.292516937255859375e+02
2.289615783691406250e+02
2.286599731445312500e+02
2.283469543457031250e+02
2.280225677490234375e+02
2.276868743896484375e+02
2.273398895263671875e+02
2.269817352294921875e+02
2.266123809814453125e+02
2.262319183349609375e+02
2.258404235839843750e+02
2.254378967285156250e+02
2.250243988037109375e+02
2.246000366210937500e+02
2.241647949218750000e+02
2.237187347412109375e+02
2.232619323730468750e+02
2.227944335937500000e+02
2.223162841796875000e+02
2.218275146484375000e+02
2.213282165527343750e+02
2.208184204101562500e+02
2.202981567382812500e+02
2.197675170898437500e+02
2.192265472412109375e+02
2.186752777099609375e+02
2.181137542724609375e+02
2.175420379638671875e+02
2.169601898193359375e+02
2.163682403564453125e+02
2.157662811279296875e+02
2.151543121337890625e+02
2.145324096679687500e+02
2.139006347656250000e+02
2.132590332031250000e+02
2.126076507568359375e+02
2.119465484619140625e+02
2.112759246826171875e+02
2.105959930419921875e+02
2.099069671630859375e+02
2.092090148925781250e+02
2.085023651123046875e+02
2.077872467041015625e+02
2.070638275146484375e+02
2.063323364257812500e+02
2.055929870605468750e+02
2.048459625244140625e+02
2.040915069580078125e+02
2.033297729492187500e+02
2.025610198974609375e+02
2.017854156494140625e+02
2.010031890869140625e+02
2.002145538330078125e+02
1.994196777343750000e+02
1.986188049316406250e+02
1.978121337890625000e+02
1.969998779296875000e+02
1.961822204589843750e+02
1.953593750000000000e+02
1.945315856933593750e+02
1.936990051269531250e+02
1.928618621826171875e+02
1.920203857421875000e+02
1.911747436523437500e+02
1.903251647949218750e+02
1.894718475341796875e+02
1.886150207519531250e+02
1.877548522949218750e+02
1.868915863037109375e+02
1.860254058837890625e+02
1.851565246582031250e+02
1.842851562500000000e+02
1.834114990234375000e+02
1.825357513427734375e+02
1.816581420898437500e+02
1.807788696289062500e+02
1.798981323242187500e+02
1.790161590576171875e+02
1.781331176757812500e+02
1.772492370605468750e+02
1.763647460937500000e+02
1.754798126220703125e+02
1.745946502685546875e+02
1.737095031738281250e+02
1.728245239257812500e+02
1.719399566650390625e+02
1.710559997558593750e+02
1.701728057861328125e+02
1.692905273437500000e+02
1.684093475341796875e+02
1.675294342041015625e+02
1.666509094238281250e+02
1.657739562988281250e+02
1.648987426757812500e+02
1.640254058837890625e+02
1.631541442871093750e+02
1.622850799560546875e+02
1.614183807373046875e+02
1.605542297363281250e+02
1.596927490234375000e+02
1.588341369628906250e+02
1.579785308837890625e+02
1.571261138916015625e+02
1.562770080566406250e+02
1.554314117431640625e+02
1.545894622802734375e+02
1.537513427734375000e+02
1.529171752929687500e+02
1.520871582031250000e+02
1.512614288330078125e+02
1.504401550292968750e+02
1.496235046386718750e+02
1.488116302490234375e+02
1.480046844482421875e+02
1.472028503417968750e+02
1.464062652587890625e+02
1.456150970458984375e+02
1.448294982910156250e+02
1.440496520996093750e+02
1.432757110595703125e+02
1.425078125000000000e+02
1.417461395263671875e+02
1.409908447265625000e+02
1.402421112060546875e+02
1.395000610351562500e+02
1.387648620605468750e+02
1.380366973876953125e+02
1.373157043457031250e+02
1.366020660400390625e+02
1.358959197998046875e+02
1.351974334716796875e+02
1.345067749023437500e+02
1.338240966796875000e+02
1.331495666503906250e+02
1.324833374023437500e+02
1.318255920410156250e+02
1.311764221191406250e+02
1.305358734130859375e+02
1.299039459228515625e+02
1.292806243896484375e+02
1.286659240722656250e+02
1.280598144531250000e+02
1.274623260498046875e+02
1.268734207153320312e+02
1.262931060791015625e+02
1.257213821411132812e+02
1.251582565307617188e+02
1.246037063598632812e+02
1.240577239990234375e+02
1.235203094482421875e+02
1.229914855957031250e+02
1.224712142944335938e+02
1.219595108032226562e+02
1.214563598632812500e+02
1.209617614746093750e+02
1.204757232666015625e+02
1.199982376098632812e+02
1.195292739868164062e+02
1.190688629150390625e+02
1.186169738769531250e+02
1.181736297607421875e+02
1.177388076782226562e+02
1.173125076293945312e+02
1.168947219848632812e+02
1.164854507446289062e+02
1.160847015380859375e+02
1.156924514770507812e+02
1.153087005615234375e+02
1.149334640502929688e+02
1.145667037963867188e+02
1.142084503173828125e+02
1.138586730957031250e+02
1.135173873901367188e+02
1.131845779418945312e+02
1.128602447509765625e+02
1.125443954467773438e+02
1.122369918823242188e+02
1.119380645751953125e+02
1.116475982666015625e+02
1.113655853271484375e+02
1.110920257568359375e+02
1.108269271850585938e+02
1.105702514648437500e+02
1.103220291137695312e+02
1.100822448730468750e+02
1.098508911132812500e+02
1.096279373168945312e+02
1.094132919311523438e+02
1.092068328857421875e+02
1.090084152221679688e+02
1.088179244995117188e+02
1.086352233886718750e+02
1.084602050781250000e+02
1.082927398681640625e+02
1.081326828002929688e+02
1.079799194335937500e+02
1.078343276977539062e+02
1.076957702636718750e+02
1.075641326904296875e+02
1.074392852783203125e+02
1.073210983276367188e+02
1.072094497680664062e+02
1.071042175292968750e+02
1.070052642822265625e+02
1.069124679565429688e+02
1.068257064819335938e+02
1.067448501586914062e+02
1.066697769165039062e+02
1.066003494262695312e+02
1.065364608764648438e+02
1.064779663085937500e+02
1.064247512817382812e+02
1.063766784667968750e+02
1.063336410522460938e+02
1.062954940795898438e+02
1.062621154785156250e+02
1.062333831787109375e+02
1.062091674804687500e+02
1.061893539428710938e+02
1.061737976074218750e+02
1.061623840332031250e+02
1.061549835205078125e+02
1.061514739990234375e+02
1.061517181396484375e+02
1.061556091308593750e+02
1.061630020141601562e+02
1.061737823486328125e+02
1.061878128051757812e+02
1.062049865722656250e+02
1.062251586914062500e+02
1.062482070922851562e+02
1.062740097045898438e+02
1.063024444580078125e+02
1.063333740234375000e+02
1.063666763305664062e+02
1.064022293090820312e+02
1.064399108886718750e+02
1.064795913696289062e+02
1.065211715698242188e+02
1.065645141601562500e+02
1.066095275878906250e+02
1.066560821533203125e+02
1.067040710449218750e+02
1.067533645629882812e+02
1.068038635253906250e+02
1.068554458618164062e+02
1.069079971313476562e+02
1.069614028930664062e+02
1.070155334472656250e+02
1.070703048706054688e+02
1.071255645751953125e+02
1.071812210083007812e+02
1.072371520996093750e+02
1.072932510375976562e+02
1.073493881225585938e+02
1.074054565429687500e+02
1.074613418579101562e+02
1.075169219970703125e+02
1.075720901489257812e+02
1.076267166137695312e+02
1.076807022094726562e+02
1.077339172363281250e+02
1.077862625122070312e+02
1.078376083374023438e+02
1.078878479003906250e+02
1.079368591308593750e+02
1.079845352172851562e+02
1.080307540893554688e+02
1.080754089355468750e+02
1.081183624267578125e+02
1.081595230102539062e+02
1.081987686157226562e+02
1.082359848022460938e+02
1.082710342407226562e+02
1.083038406372070312e+02
1.083342590332031250e+02
1.083621826171875000e+02
1.083874969482421875e+02
1.084100875854492188e+02
1.084298477172851562e+02
1.084466323852539062e+02
1.084603576660156250e+02
1.084708938598632812e+02
1.084781341552734375e+02
1.084819488525390625e+02
1.084822387695312500e+02
1.084788970947265625e+02
1.084718704223632812e+02
1.084611740112304688e+02
1.084467468261718750e+02
1.084286117553710938e+02
1.084067077636718750e+02
1.083810272216796875e+02
1.083515625000000000e+02
1.083182754516601562e+02
1.082811660766601562e+02
1.082401962280273438e+02
1.081953353881835938e+02
1.081465988159179688e+02
1.080939254760742188e+02
1.080373153686523438e+02
1.079767456054687500e+02
1.079121932983398438e+02
1.078436431884765625e+02
1.077710571289062500e+02
1.076944427490234375e+02
1.076137542724609375e+02
1.075289840698242188e+02
1.074401016235351562e+02
1.073470993041992188e+02
1.072499465942382812e+02
1.071486282348632812e+02
1.070431060791015625e+02
1.069333877563476562e+02
1.068194351196289062e+02
1.067012252807617188e+02
1.065787429809570312e+02
1.064519729614257812e+02
1.063208847045898438e+02
1.061854553222656250e+02
1.060456771850585938e+02
1.059015121459960938e+02
1.057529525756835938e+02
1.055999755859375000e+02
1.054425582885742188e+02
1.052806854248046875e+02
1.051143264770507812e+02
1.049434661865234375e+02
1.047680816650390625e+02
1.045881500244140625e+02
1.044036560058593750e+02
1.042145767211914062e+02
1.040208892822265625e+02
1.038225708007812500e+02
1.036196136474609375e+02
1.034119873046875000e+02
1.031996765136718750e+02
1.029827804565429688e+02
1.027613677978515625e+02
1.025355377197265625e+02
1.023053817749023438e+02
1.020709838867187500e+02
1.018324432373046875e+02
1.015898513793945312e+02
1.013432846069335938e+02
1.010928497314453125e+02
1.008386230468750000e+02
1.005807189941406250e+02
1.003191986083984375e+02
1.000541687011718750e+02
9.978571319580078125e+01
9.951393127441406250e+01
9.923890686035156250e+01
9.896073913574218750e+01
9.867950439453125000e+01
9.839530181884765625e+01
9.810822296142578125e+01
9.781835174560546875e+01
9.752578735351562500e+01
9.723061370849609375e+01
9.693292999267578125e+01
9.663281250000000000e+01
9.633036804199218750e+01
9.602567291259765625e+01
9.571883392333984375e+01
9.540991973876953125e+01
9.509903717041015625e+01
9.478627014160156250e+01
9.447171783447265625e+01
9.415545654296875000e+01
9.383759307861328125e+01
9.351821136474609375e+01
9.319739532470703125e+01
9.287524414062500000e+01
9.255184173583984375e+01
9.222728729248046875e+01
9.190165710449218750e+01
9.157505798339843750e+01
9.124757385253906250e+01
9.091928863525390625e+01
9.059030914306640625e+01
9.026070404052734375e+01
8.993058013916015625e+01
8.960002899169921875e+01
8.926913452148437500e+01
8.893798065185546875e+01
8.860665893554687500e+01
8.827517700195312500e+01
8.794354248046875000e+01
8.761175537109375000e+01
8.727982330322265625e+01
8.694773864746093750e+01
8.661551666259765625e+01
8.628314971923828125e+01
8.595066070556640625e+01
8.561803436279296875e+01
8.528527832031250000e+01
8.495240020751953125e+01
8.461939239501953125e+01
8.428627777099609375e+01
8.395303344726562500e+01
8.361968231201171875e+01
8.328622436523437500e+01
8.295265960693359375e+01
8.261898803710937500e+01
8.228521728515625000e+01
8.195135498046875000e+01
8.161739349365234375e+01
8.128334808349609375e+01
8.094920349121093750e+01
8.061499023437500000e+01
8.028069305419921875e+01
7.994631195068359375e+01
7.961186218261718750e+01
7.927734375000000000e+01
7.894274902343750000e+01
7.860809326171875000e+01
7.827338409423828125e+01
7.793860626220703125e+01
7.760378265380859375e+01
7.726890563964843750e+01
7.693397521972656250e+01
7.659900665283203125e+01
7.626399230957031250e+01
7.592893981933593750e+01
7.559384918212890625e+01
7.525872802734375000e+01
7.492357635498046875e+01
7.458840179443359375e+01
7.425320434570312500e+01
7.391799163818359375e+01
7.358275604248046875e+01
7.324751281738281250e+01
7.291225433349609375e+01
7.257699584960937500e+01
7.224172973632812500e+01
