# hsc_angle
2.369119684603002585e-03
2.942475375237087881e-03
3.743666033362049329e-03
4.649678607573279852e-03
5.915714372909474002e-03
7.347388982646169998e-03
9.347969671968697075e-03
1.189327762480526379e-02
1.477159502294713052e-02
2.369119684603002585e-03
2.942475375237087881e-03
3.743666033362049329e-03
4.649678607573279852e-03
5.915714372909474002e-03
7.347388982646169998e-03
9.347969671968697075e-03
1.189327762480526379e-02
1.477159502294713052e-02
2.369119684603002585e-03
2.942475375237087881e-03
3.743666033362049329e-03
4.649678607573279852e-03
5.915714372909474002e-03
7.347388982646169998e-03
9.347969671968697075e-03
1.189327762480526379e-02
1.477159502294713052e-02
2.369119684603002585e-03
2.942475375237087881e-03
3.743666033362049329e-03
4.649678607573279852e-03
5.915714372909474002e-03
7.347388982646169998e-03
9.347969671968697075e-03
1.189327762480526379e-02
1.477159502294713052e-02
2.369119684603002585e-03
2.942475375237087881e-03
3.743666033362049329e-03
4.649678607573279852e-03
5.915714372909474002e-03
7.347388982646169998e-03
9.347969671968697075e-03
1.189327762480526379e-02
1.477159502294713052e-02
2.369119684603002585e-03
2.942475375237087881e-03
3.743666033362049329e-03
4.649678607573279852e-03
5.915714372909474002e-03
7.347388982646169998e-03
9.347969671968697075e-03
1.189327762480526379e-02
1.477159502294713052e-02
2.369119684603002585e-03
2.942475375237087881e-03
3.743666033362049329e-03
4.649678607573279852e-03
5.915714372909474002e-03
7.347388982646169998e-03
9.347969671968697075e-03
1.189327762480526379e-02
1.477159502294713052e-02
2.369119684603002585e-03
2.942475375237087881e-03
3.743666033362049329e-03
4.649678607573279852e-03
5.915714372909474002e-03
7.347388982646169998e-03
9.347969671968697075e-03
1.189327762480526379e-02
1.477159502294713052e-02
2.369119684603002585e-03
2.942475375237087881e-03
3.743666033362049329e-03
4.649678607573279852e-03
5.915714372909474002e-03
7.347388982646169998e-03
9.347969671968697075e-03
1.189327762480526379e-02
1.477159502294713052e-02
2.369119684603002585e-03
2.942475375237087881e-03
3.743666033362049329e-03
4.649678607573279852e-03
5.915714372909474002e-03
7.347388982646169998e-03
9.347969671968697075e-03
1.189327762480526379e-02
1.477159502294713052e-02
9.347969671968697075e-03
1.189327762480526379e-02
1.477159502294713052e-02
1.879367250151799465e-02
2.334196913114323924e-02
2.969762728464820506e-02
3.688481318861253772e-02
4.692797888580028248e-02
9.347969671968697075e-03
1.189327762480526379e-02
1.477159502294713052e-02
1.879367250151799465e-02
2.334196913114323924e-02
2.969762728464820506e-02
3.688481318861253772e-02
4.692797888580028248e-02
9.347969671968697075e-03
1.189327762480526379e-02
1.477159502294713052e-02
1.879367250151799465e-02
2.334196913114323924e-02
2.969762728464820506e-02
3.688481318861253772e-02
4.692797888580028248e-02
9.347969671968697075e-03
1.189327762480526379e-02
1.477159502294713052e-02
1.879367250151799465e-02
2.334196913114323924e-02
2.969762728464820506e-02
3.688481318861253772e-02
4.692797888580028248e-02
9.347969671968697075e-03
1.189327762480526379e-02
1.477159502294713052e-02
1.879367250151799465e-02
2.334196913114323924e-02
2.969762728464820506e-02
3.688481318861253772e-02
4.692797888580028248e-02
9.347969671968697075e-03
1.189327762480526379e-02
1.477159502294713052e-02
1.879367250151799465e-02
2.334196913114323924e-02
2.969762728464820506e-02
3.688481318861253772e-02
4.692797888580028248e-02
9.347969671968697075e-03
1.189327762480526379e-02
1.477159502294713052e-02
1.879367250151799465e-02
2.334196913114323924e-02
2.969762728464820506e-02
3.688481318861253772e-02
4.692797888580028248e-02
9.347969671968697075e-03
1.189327762480526379e-02
1.477159502294713052e-02
1.879367250151799465e-02
2.334196913114323924e-02
2.969762728464820506e-02
3.688481318861253772e-02
4.692797888580028248e-02
9.347969671968697075e-03
1.189327762480526379e-02
1.477159502294713052e-02
1.879367250151799465e-02
2.334196913114323924e-02
2.969762728464820506e-02
3.688481318861253772e-02
4.692797888580028248e-02
9.347969671968697075e-03
1.189327762480526379e-02
1.477159502294713052e-02
1.879367250151799465e-02
2.334196913114323924e-02
2.969762728464820506e-02
3.688481318861253772e-02
4.692797888580028248e-02
