# hsc_data
1.840138164235552749e-05
1.507447819110942610e-05
1.208630811792326795e-05
9.927710540044131638e-06
7.968495031509056106e-06
6.514576330084507379e-06
5.174852614832255239e-06
4.073787865672768825e-06
3.234072376232863165e-06
2.334896316535445331e-05
1.916048395337097534e-05
1.544060699737260375e-05
1.276289907058870022e-05
1.032716616747807702e-05
8.503370913107471989e-06
6.797911200575525570e-06
5.369491432417051336e-06
4.266215642151732938e-06
3.032844128822734605e-05
2.499665753515279004e-05
2.020511133511976372e-05
1.669910386267046528e-05
1.346301995712503474e-05
1.101344629532766219e-05
8.709097151853816530e-06
6.778462986378408339e-06
5.302793549648451653e-06
3.459311579474079929e-05
2.856151596543723528e-05
2.309593726566519043e-05
1.906045723688793973e-05
1.531123102379875422e-05
1.246244663534580562e-05
9.781618322382219221e-06
7.543525719502058113e-06
5.846971575621436734e-06
3.294052390484466408e-05
2.711810724615990696e-05
2.196396734586009814e-05
1.823392793413110453e-05
1.480968983394944402e-05
1.221501894330076419e-05
9.756412248654668218e-06
7.670248800302472764e-06
6.053679703880241631e-06
4.258187524670617718e-05
3.519527821454601684e-05
2.859582405015898435e-05
2.375531683378640549e-05
1.925552975585243041e-05
1.581107122013291166e-05
1.252888779571650888e-05
9.743136159181319607e-06
7.599251480705701680e-06
4.727437215429403019e-05
3.912833909806972139e-05
3.181390699090890000e-05
2.641747367146203340e-05
2.138018711903947623e-05
1.751387438799123150e-05
1.382497795114539314e-05
1.069778649782828633e-05
8.300835051495289376e-06
5.973972076288275285e-05
4.962764669247844848e-05
4.045011178028897121e-05
3.358760250021282237e-05
2.710485341909782807e-05
2.209275993625016608e-05
1.729734109388967879e-05
1.323911072672662738e-05
1.014747904903517427e-05
6.895608152836704675e-05
5.737049396754982823e-05
4.677847534697977361e-05
3.879797191286226511e-05
3.122120429363432135e-05
2.534607815028094561e-05
1.973011834297520940e-05
1.498994915198530296e-05
1.140071590808200514e-05
8.165139616191378815e-05
6.804844746661752064e-05
5.548894848662569462e-05
4.594231550566597411e-05
3.682852488006713783e-05
2.974490918098033081e-05
2.297989701776424783e-05
1.729244850077372731e-05
1.302326834590970761e-05
3.761625520026713668e-06
3.086146396473138350e-06
2.581161486557693484e-06
2.119516687976986716e-06
1.778226076462526909e-06
1.463978974411424279e-06
1.225707756709469021e-06
1.001374743365369170e-06
4.805483441981337171e-06
3.920539868020504316e-06
3.275558743794746851e-06
2.698479030252697069e-06
2.278122902114948418e-06
1.893619057948066566e-06
1.602314582736547085e-06
1.323883662443850310e-06
6.242494177709394647e-06
5.131994406539717946e-06
4.320591593730640535e-06
3.586498303820700148e-06
3.041164736648379769e-06
2.530997889123478621e-06
2.136130633566255313e-06
1.751682001790451919e-06
7.120207395983112036e-06
5.882639127790847097e-06
4.972354940363467395e-06
4.139874460039508215e-06
3.514100832492294703e-06
2.920681758706898913e-06
2.456674106315952190e-06
2.001595282722121066e-06
6.821784251975948184e-06
5.562360009523331239e-06
4.660170621323620712e-06
3.861079007728469457e-06
3.280419646649879546e-06
2.746034253314691059e-06
2.335877146911194687e-06
1.936740532779901445e-06
8.808085866500764793e-06
7.227028731954492357e-06
6.092407217293950636e-06
5.079868630015310311e-06
4.333272432223467228e-06
3.632921921661954325e-06
3.086036975854998184e-06
2.546784959691500845e-06
9.773008644567500089e-06
8.041178497670484611e-06
6.796428195959300973e-06
5.678650558020600639e-06
4.848999808765533781e-06
4.064869758529799228e-06
3.448794266681112398e-06
2.837526379849096338e-06
1.231214018916226888e-05
1.019887314472588847e-05
8.670434484500843988e-06
7.287374067361162933e-06
6.239991941677961637e-06
5.232052464349511834e-06
4.427958639674738180e-06
3.625984904205789589e-06
1.419132664737304323e-05
1.180453499455867996e-05
1.006871210632149509e-05
8.482715506575660779e-06
7.268661612945530647e-06
6.088871196546407790e-06
5.140880071762878960e-06
4.189579602921856447e-06
1.677778023352023015e-05
1.402796901312162665e-05
1.201480526006621739e-05
1.014590823308683383e-05
8.697987698892676629e-06
7.272306745903641039e-06
6.119241747687139946e-06
4.953938717323999274e-06
