# hsc_theory
6.768791684217712248e-06
5.542028141106598205e-06
4.451491666442931859e-06
3.673748955633583502e-06
2.987386145481168934e-06
2.491532745003911891e-06
2.040112826836828215e-06
1.665429799683042462e-06
1.377389982755222426e-06
1.060095355720564075e-05
8.717290461994173131e-06
7.052677833258875074e-06
5.862198529261596412e-06
4.798992263564672520e-06
4.016202080927930210e-06
3.287912378318641204e-06
2.670881505197268314e-06
2.190225830139118498e-06
1.242831451936434436e-05
1.024342292303610508e-05
8.310099975877882603e-06
6.921425420537995321e-06
5.672735542187774805e-06
4.746061080270797733e-06
3.877735178749434924e-06
3.138358671067761361e-06
2.561501072214544583e-06
1.332174879448085430e-05
1.099114461250034675e-05
8.925979512675378302e-06
7.438771109284251503e-06
6.097023862818657110e-06
5.097906426485200959e-06
4.159263939042420982e-06
3.358961849630844238e-06
2.734759093537841150e-06
2.057508170836963235e-05
1.709415724890309688e-05
1.399920808921838008e-05
1.174295524000843338e-05
9.668285989306170364e-06
8.089434621894568559e-06
6.576911276074789104e-06
5.268483988947131468e-06
4.241689686949516780e-06
2.697156933659127556e-05
2.251653506998166498e-05
1.851916507792037491e-05
1.556649382339297087e-05
1.281209714442696340e-05
1.068917933995236212e-05
8.638452367230730155e-06
6.859074229215836393e-06
5.466349417168373717e-06
3.010271694937329353e-05
2.517345850056794434e-05
2.073273395192606086e-05
1.743540627566845041e-05
1.434324165695648789e-05
1.194976481124049623e-05
9.632003384143333067e-06
7.620109970711578466e-06
6.047944410010197529e-06
3.973858849374083769e-05
3.339148791111796062e-05
2.758692928626983910e-05
2.320342636721467127e-05
1.903007683087125062e-05
1.576496303185015435e-05
1.258886654993800552e-05
9.837274212646220786e-06
7.703215100992922865e-06
4.708466987992241857e-05
3.965069240225908522e-05
3.279148651239666509e-05
2.756434514482324991e-05
2.255131809635583005e-05
1.861173524142715392e-05
1.477585193969405170e-05
1.146090080619548885e-05
8.903262875756630032e-06
5.797001743462662070e-05
4.892626194449545106e-05
4.048398462820410314e-05
3.397990860908862412e-05
2.769253047700762912e-05
2.273147636537952210e-05
1.790267094037049789e-05
1.374844510580653967e-05
1.056754440473371156e-05
1.363199456235667928e-06
1.106609882835891052e-06
9.147743571366634265e-07
7.426544636361706457e-07
6.199518234041692201e-07
5.126015853023596369e-07
4.360321732745616687e-07
3.670468786800688818e-07
2.136892699724003227e-06
1.732913798295701780e-06
1.438127359238349859e-06
1.177861623465454767e-06
9.934621638972117760e-07
8.311215765626281817e-07
7.131080043216554909e-07
6.036279835760122637e-07
2.499849986537495381e-06
2.030954201809199272e-06
1.690619547782593465e-06
1.390633090113191598e-06
1.177522236248901833e-06
9.885341613894660448e-07
8.496235169672181904e-07
7.190871646585691206e-07
2.676269634627688119e-06
2.177123781839404205e-06
1.815269496057236240e-06
1.496127445323073917e-06
1.268828088433024696e-06
1.066375038812151228e-06
9.167814062140580893e-07
7.751966893627292202e-07
4.099187475033798368e-06
3.350094576308772871e-06
2.816292901086172066e-06
2.348754447170485600e-06
2.013918885410320232e-06
1.709978793958026853e-06
1.478638619970778456e-06
1.252932190495553648e-06
5.328227968763197750e-06
4.384518395640213796e-06
3.713719788326146128e-06
3.122789280126072022e-06
2.693442382954407629e-06
2.295404756781932504e-06
1.985338940582499140e-06
1.677078443850520019e-06
5.927675460410641083e-06
4.891793064171075822e-06
4.155443354240645014e-06
3.504603810988604690e-06
3.028539589514888701e-06
2.583443098781560231e-06
2.233827021259980013e-06
1.883829729767531730e-06
7.743356925811233706e-06
6.454543422590864731e-06
5.533022240581275939e-06
4.705264077823164089e-06
4.084882405081294910e-06
3.488612693018945299e-06
3.008688357747748933e-06
2.521445855186775968e-06
9.128215093369005374e-06
7.652684488707895154e-06
6.591407380663659835e-06
5.627245623350118632e-06
4.893750330832028264e-06
4.177990269931782639e-06
3.595683174371302709e-06
2.999166249405330127e-06
1.117512776592714001e-05
9.437769040100189608e-06
8.174878031627243039e-06
7.008183644530683554e-06
6.102602819638642494e-06
5.202753171163878892e-06
4.462685885671440478e-06
3.694795675942640367e-06
