1.000000000000000000e+02 2.000000000000000000e+02 3.000000000000000000e+02 4.000000000000000000e+02 5.000000000000000000e+02 6.000000000000000000e+02 7.000000000000000000e+02
9.635934272722579408e-10 4.172552581227506607e-10 2.289075179406907523e-10 1.591157761104966539e-10 1.240311603423194242e-10 1.216827749672688697e-10 1.022692555641135925e-10
-2.804537713174681812e-10 2.306861784928671000e-10 -6.738407748452246437e-11 3.841020817380025321e-12 1.415163299045563150e-11 -7.957360464994067684e-12 7.134075014764151845e-12
-1.979911790073174416e-10 7.358837150750474621e-11 -2.205037541447296690e-11 6.231174430604280445e-12 9.412018039944847203e-12 7.767758658516754622e-12 4.249128826572245998e-12
1.112873612707510063e-10 5.044722278801927473e-11 2.417531799747685284e-11 -2.927865588864264623e-11 9.307611972819707091e-12 7.947630401017313773e-12 1.076512403525020645e-11
4.753529125878230843e-09 2.109629360091958006e-09 1.471869515157209207e-09 1.044463404653583893e-09 6.765112359197189562e-10 5.056437490935650203e-10 5.296542093802258933e-10
-3.958311733942565525e-10 3.131792325472559924e-10 -1.418961476096214369e-10 1.707282579199720374e-11 -1.058592449809658831e-10 3.701569606384680355e-11 1.967395690805062713e-11
7.532264256759901855e-10 1.730710713632177544e-11 2.051954786641552175e-11 3.972507045535422776e-11 1.609118567558187607e-11 1.773455340914331657e-11 -3.511440487338757244e-12
1.072758148978891768e-08 2.289264999788542809e-09 2.115494668331052708e-09 1.320362597034829832e-09 9.842785475555615449e-10 8.074179658201785514e-10 7.051845218875030241e-10
-5.125961322072214443e-10 1.868741272836871303e-10 2.503328620784284197e-11 -4.812944487397885496e-11 -1.538822541613527051e-11 -1.309888135458958658e-11 1.538291087392618106e-12
3.315009600157736713e-09 9.444853787954343716e-10 6.460676993391700762e-10 4.965289290836949476e-10 3.809564330659043208e-10 2.577718039020737706e-10 2.924292197281630479e-10
