2.150000000000000000e+02 2.450000000000000000e+02 2.750000000000000000e+02 3.050000000000000000e+02 3.350000000000000000e+02 3.650000000000000000e+02 3.950000000000000000e+02 4.250000000000000000e+02 4.550000000000000000e+02 4.850000000000000000e+02 5.150000000000000000e+02 5.450000000000000000e+02 5.750000000000000000e+02 6.050000000000000000e+02 6.350000000000000000e+02 6.650000000000000000e+02 6.950000000000000000e+02 7.250000000000000000e+02
8.686211194763870935e-10 1.936456689444199242e-10 3.700021122821084418e-10 2.064672044443938148e-10 3.019234584566987678e-10 1.238740221509715411e-10 1.515566699916703897e-10 2.278835870006545861e-10 1.251219683418014483e-10 1.609935101898329890e-10 1.283459727385860560e-10 1.332781940366345452e-10 1.567030394333812637e-10 9.784511395549699841e-11 8.918404209579122721e-11 1.199254584527409406e-10 7.305230725895839328e-11 1.665283327900723975e-10
-1.357889911623999524e-10 2.776369134593892340e-10 -2.350324657118818550e-10 1.963200851884394638e-10 -3.004121396088521578e-10 7.886590686068117861e-11 1.180939096512290121e-10 -8.786428529194978410e-11 1.254256334209946644e-11 -5.209799258665270827e-11 2.160988402111208018e-11 -5.122523932810096881e-11 5.889587428864473395e-11 -1.901635966750081508e-12 -2.024098250119621412e-11 -1.901119019154240419e-11 5.587368415160831603e-11 -3.444909071545487755e-12
4.066746939201948408e-12 -3.465386311241047679e-10 1.599767263105178472e-10 -1.219736256441450450e-10 -1.216432510275922141e-10 7.208326296970213320e-11 9.597155015139691159e-11 -4.125174160596323247e-11 5.408023746704404555e-13 -1.299823269851341223e-11 4.778772169644618373e-11 -2.091118424252247365e-11 -5.461631581021864079e-12 2.867031959064014757e-11 4.007959242269265587e-11 1.800028875953429974e-11 -6.428397397728602414e-11 1.163577827839601397e-11
-7.735595497493363837e-11 8.721761507457514995e-11 1.126886986502206867e-10 1.506358648928340926e-10 -2.408949081877942433e-11 -3.797981720787824145e-11 3.091683159484048815e-11 -5.752065490582936036e-11 2.307857377426003609e-11 5.821434306829686989e-11 -3.785083357854546193e-11 2.737577872724550332e-11 2.661528462899465097e-11 5.588234736064734420e-12 2.783754780508185256e-12 -1.460164975042310687e-11 -2.532991177917054415e-11 -5.270002750162872118e-12
3.373828549868562732e-09 9.016129509653580953e-10 1.760974699394068921e-09 1.224920942455298700e-09 1.421455952943517786e-09 1.145794348289541631e-09 1.041293051784464296e-09 8.873639045781089862e-10 8.008604335252300643e-10 6.078085812433187129e-10 1.104227487225273308e-09 3.870417597529041132e-10 4.947134923938278916e-10 6.356210557889596657e-10 4.811093190504323047e-10 4.455299740246942974e-10 5.565072291879857858e-10 7.518438649434244780e-10
1.989111375610974619e-10 -2.998402082177165084e-10 -7.929845113885392038e-10 -9.836486659919874143e-12 2.503111329321683343e-10 -8.394707845527094037e-11 -3.166036321999854408e-10 4.012064569458573260e-10 -2.282748642890020108e-11 -1.679668903964426363e-10 2.561724443683743857e-10 -3.219252642239212037e-11 -1.136449094552016703e-11 -3.735178139008255016e-11 1.159308898879274352e-10 -9.481128555866025209e-12 -2.610937681335467886e-11 1.252915687866007488e-10
1.122295312239174336e-10 3.826455471922507456e-11 -5.536128500072123870e-11 -4.665798303271628811e-11 -1.533372560869050716e-11 -7.467741008904127398e-11 3.743622078999919722e-10 -2.670765518464346400e-11 -1.677435135238880548e-10 4.572535752811468512e-11 4.799702302271668941e-11 -8.412628232923324845e-12 4.379166126944333826e-11 -5.915756079444278726e-11 1.038239286210718149e-10 -1.992143082441000246e-11 4.924300550657179087e-11 -4.190257862912716291e-11
4.314460788634733035e-09 2.495912809763467521e-09 2.556170164424997893e-09 1.304084840114683175e-09 2.005450250308626892e-09 1.353555378891257988e-09 1.791900405834212506e-09 1.080057931979183650e-09 1.511774150309008746e-09 1.017363082667088747e-09 1.069019206489940643e-09 1.320646592084528947e-09 5.069915598454599603e-10 7.691672854193143394e-10 8.949855856421606859e-10 4.908132233971684855e-10 5.443749895306382314e-10 1.263256388384093043e-09
-2.510146084044873049e-11 -5.172078321180606508e-10 3.631302758488885729e-10 -7.015903049495397781e-12 -6.025858284575136281e-11 8.737606471687087151e-11 -3.633768980160212436e-11 -7.868886792161688959e-11 -5.265394370512765931e-11 6.372418565048221240e-11 9.020526686720486964e-11 -1.221848733301555967e-10 4.726112209918476026e-11 -2.652231038957619802e-11 -3.249020193510365750e-12 4.483003551714048740e-11 -4.685101612222908329e-11 7.503082183335507693e-11
2.538489418668632425e-09 -5.966720867389696537e-11 1.264025661917855814e-09 7.438865079478773623e-10 3.773715229193896903e-10 5.296840188684370787e-10 4.864719738151279671e-10 4.743719306254945423e-10 3.143098281643830205e-10 4.384654861411263482e-10 3.619435029467155118e-10 3.418751393091667978e-10 3.349908406224955115e-10 2.432192225398921437e-10 3.006928317450530130e-10 3.240177848251590831e-10 2.366649376472906852e-10 3.892283439999033590e-10
