2.250000000000000000e+02 2.750000000000000000e+02 3.250000000000000000e+02 3.750000000000000000e+02 4.250000000000000000e+02 4.750000000000000000e+02 5.250000000000000000e+02 5.750000000000000000e+02 6.250000000000000000e+02 6.750000000000000000e+02 7.250000000000000000e+02
5.280731407708572078e-10 1.540822885948145426e-10 2.091483375377123366e-10 1.779009717317592276e-10 2.012239125326331646e-10 1.392038845304810479e-10 1.498928203780280910e-10 1.084653478145014560e-10 1.143166949990614967e-10 1.065520796594832120e-10 1.076652933473809526e-10
7.170382343435477424e-11 -5.925895885106058358e-11 4.993117030949179025e-11 -8.224043668292324583e-11 -5.240341841017404079e-11 -3.244984142503071212e-11 8.627446847209174763e-12 -2.721230575944422192e-12 9.369570223849432722e-12 -1.497652696302864683e-11 2.121059838183780855e-12
6.649431005811834439e-11 8.306227233800811405e-12 -5.328049806907486641e-11 -4.505873452131936574e-11 3.326289244043323379e-11 -1.968160009968578095e-11 2.272451150864274183e-11 -2.128963498548852584e-11 8.911565929636822148e-12 -2.394741956818213779e-12 -4.186926846894145626e-12
3.458435621217503808e-11 -8.429824221480031188e-13 1.406851284774246480e-11 -3.323984837377835788e-11 1.990973531873496682e-11 -2.695364591243087915e-11 -1.326308854410207516e-11 7.984084747503228385e-12 -8.279523767973362425e-12 2.528793320577538140e-11 -6.059868318947225774e-12
3.007704307833591884e-09 2.035336565953116406e-09 1.106413072271550391e-09 9.648867260736437856e-10 9.422390645497102923e-10 7.196871987247277502e-10 6.458530377173588022e-10 6.712454481139218387e-10 4.119309615635557975e-10 5.646987322194263470e-10 5.204605080244562032e-10
-6.534524310541911518e-11 3.026650596815727567e-10 -3.210083310278832869e-10 1.644852865023693766e-10 -5.711052811219197167e-11 5.308148365301690319e-11 5.015582046907773872e-11 -7.526309436789446750e-11 -3.392809644342520414e-11 3.982003962677005404e-11 4.990644616315043081e-12
2.974362076080261374e-11 -1.522224013505990570e-11 8.749900803906029978e-11 8.832055919949510780e-11 4.670896482095177049e-12 -3.488101821269573577e-11 3.052022176652791075e-11 -4.525565306615769723e-13 2.152721924331135739e-11 2.008854020629780024e-11 -2.495866707752369962e-11
3.135559811795474161e-09 1.873853294753757837e-09 1.819753792098310896e-09 1.160125107091403152e-09 1.532627691425147987e-09 1.183716125119360640e-09 1.176512443024080312e-09 8.145450425267597439e-10 6.591917012244152829e-10 6.936051732964187977e-10 8.509897231334662138e-10
2.293372575179475348e-10 -2.981689548042787408e-11 -1.718598679166516430e-12 1.063946500345913648e-10 -3.758673580711580087e-11 -4.263917777885817273e-12 -3.784508123549912284e-11 -6.316793615956939334e-11 3.976468460065163413e-11 -4.883190726778785518e-11 -1.334778967042316022e-12
1.646569658397822877e-09 6.687355669221517473e-10 6.495329829547813461e-10 5.133695690773265596e-10 4.930537089720132826e-10 4.627621619235355865e-10 2.849661895343302831e-10 3.564064043892756217e-10 2.343692739881220177e-10 2.657146169759982968e-10 2.878966232078283838e-10
