2.309444444444444571e+02 2.928333333333333712e+02 3.547222222222221717e+02 4.166111111111110858e+02 4.785000000000000000e+02 5.403888888888889142e+02 6.022777777777777146e+02 6.641666666666666288e+02 7.260555555555555429e+02
4.739569847700408900e-10 2.212100086440571545e-10 2.240035101852555499e-10 1.635819257828075024e-10 1.534669197278404340e-10 1.269626903610543422e-10 1.148444742082865844e-10 9.220461893999498670e-11 1.088990772557529851e-10
3.099023121455601881e-11 -1.219744305558378983e-10 2.956711958601587753e-11 4.067623321502011891e-11 -4.197745016171205990e-12 -2.104154697701865473e-11 -3.118924216116703008e-11 6.364260247276876115e-12 1.559138061713039036e-11
-1.239671837405253996e-10 -5.522077586861406928e-11 -2.626462589083722321e-11 5.685755338769027389e-11 -3.707146742359945790e-11 2.240586730907490054e-13 1.563763441653209796e-12 -7.144305980144594059e-12 5.177484309337732071e-12
-7.477444358139351266e-11 4.181864923791245303e-12 -3.350028934812065984e-11 3.342560950247985829e-11 3.407893064966138752e-11 -3.529881682090563189e-12 -5.056901945799108233e-12 3.256481456020976495e-12 1.223908821512686984e-11
2.785651043168968499e-09 1.387245762707323138e-09 1.134629390442398744e-09 8.652293326250060090e-10 7.667413370882059098e-10 6.678916864011341659e-10 6.298472854382453079e-10 4.509204121205812044e-10 5.239935152445696076e-10
4.337093184592077932e-11 1.212265149375113538e-10 -1.395238230506024024e-10 2.808941274023979418e-11 -1.299927387954369351e-10 -3.470105106040399789e-11 1.016710396428699426e-10 -5.400135547062312469e-11 -1.767391268059359533e-11
2.957399602987464959e-10 6.557522320288500239e-12 -8.352697700164668504e-11 7.930532099076348374e-12 -9.931158673204265597e-11 9.059414329826154244e-11 -3.714408294830384705e-11 3.850029323126946679e-11 -2.806099103080939017e-11
3.084210664638931121e-09 1.680294348105348945e-09 1.846712449626863872e-09 1.212897560165515642e-09 9.675747980608662147e-10 9.921400367929322783e-10 6.717142952972210423e-10 7.584403660665373081e-10 6.954667952641102602e-10
-1.138026478608722414e-10 9.000852840834738799e-11 4.501390579725317309e-11 -2.290696972384598240e-11 -7.123458767299695182e-11 1.573366090190653210e-11 -2.871277521299120394e-11 -3.799881416466366346e-12 2.695238650318731999e-11
1.406518568281001080e-09 5.584919748891081781e-10 5.601744068606251403e-10 3.811556903432489207e-10 3.663274683596284831e-10 3.662779801683058167e-10 3.169117190893189218e-10 2.774092067170386144e-10 2.261643650136591077e-10
