7.038888888888888573e+01 1.511666666666666572e+02 2.319444444444444287e+02 3.127222222222221717e+02 3.935000000000000000e+02 4.742777777777777146e+02 5.550555555555554292e+02 6.358333333333332575e+02 7.166111111111110858e+02
1.583544406713599528e-09 5.790330437349666681e-10 2.805803922534266803e-10 2.423025391440347676e-10 1.819309564110582755e-10 1.344396677316339606e-10 1.147555314662263015e-10 9.820538826588176562e-11 8.936772155632155545e-11
-3.385471902817016598e-10 -4.327065095122151206e-11 -2.216364938800730044e-11 -4.419018276302644210e-11 -1.882498844307800567e-11 2.298991205740286148e-11 -1.546114473428839009e-12 -1.125495877052351545e-11 2.939660233985952331e-12
-6.341627778461145226e-10 -2.725024372818296570e-10 -6.341659836150981278e-11 2.325005856243511637e-12 -4.487031232680571691e-11 -2.626714817877129349e-11 2.781283883757090791e-11 4.577417264672867248e-11 -2.584152856976995594e-11
-3.586088648255270073e-10 2.992660633194255126e-11 4.675496101391729553e-11 -9.243395979185997646e-12 2.882055878672407090e-11 1.388628535076152914e-11 -9.602129204602793955e-13 5.605731590724305491e-12 -7.841331750579882964e-12
8.236680670847817964e-09 2.948222110887854797e-09 1.674516747485199630e-09 1.128369286895747337e-09 1.253220527352993940e-09 7.411008473567903820e-10 5.689633209016164983e-10 5.413800518994094091e-10 5.253302792773695273e-10
1.082496425830470343e-09 3.925276215177575523e-10 -2.235343576906245744e-10 -6.657427387146697129e-11 1.833552754071376967e-10 -1.286189796161074650e-12 -5.778898193309345288e-11 4.693069197148069804e-11 -5.180664057469197559e-12
5.931806157377650379e-10 1.254547160600694156e-10 2.893901437928114717e-11 -1.591883985740949470e-10 2.338201507412485114e-11 5.332470576213665936e-12 -4.275524812663578089e-12 1.728103077303089208e-11 4.243123647579283286e-12
1.476699740265985383e-08 2.543812716027105125e-09 3.016421334933738763e-09 2.040512647738523810e-09 1.470580879292526788e-09 9.690193092382060058e-10 9.764437036707818152e-10 8.732409240153060637e-10 7.004676283450805840e-10
7.897637543941016247e-10 5.856191833547574888e-12 -7.121599837622838436e-11 -1.152122425240875714e-10 -1.499827345652349209e-11 5.311635159488403701e-11 -1.007750827231035373e-11 2.707059576501080755e-11 -1.338784465232389920e-11
4.059448777127272479e-09 1.147045458615991720e-09 9.390086486149584744e-10 7.057734952020666697e-10 4.266852704493118154e-10 4.140562337440201190e-10 3.516230639988293660e-10 2.727964520943260140e-10 3.020463601455247726e-10
