1.837222222222222285e+02 2.511666666666666856e+02 3.186111111111110858e+02 3.860555555555555429e+02 4.535000000000000000e+02 5.209444444444444571e+02 5.883888888888889142e+02 6.558333333333332575e+02 7.232777777777778283e+02
7.112336830594756520e-10 2.677944532791798338e-10 2.662558229449274450e-10 2.046533914557002731e-10 1.250892167625750062e-10 1.540098326646699434e-10 1.122623799476585305e-10 1.001937283140463819e-10 1.022593190680431974e-10
-7.339058527566777457e-11 5.874328107280391009e-11 5.047720488121631988e-12 5.777982692994898528e-12 -2.206138743909846767e-11 -3.070791884662860127e-11 -2.612809794910742056e-11 9.306844574522021851e-13 -1.314883445180381472e-11
-1.708699674807245827e-11 6.912925093471855575e-11 -6.625389820102967064e-11 -7.519691813673290426e-11 2.431218074083751901e-11 7.330100935953876018e-12 -6.045818359834420619e-12 1.098365929458333667e-11 8.482131663711811598e-12
-1.040973696131430870e-10 -2.519963751557163789e-11 2.728020760678351309e-11 2.735058186875694020e-11 -1.262059727558106914e-11 -1.764700365003424309e-11 1.244558362617498304e-11 -3.189197820760436564e-12 -5.925226455316678909e-12
3.506124723884340710e-09 1.134642824140996709e-09 1.397173265971218825e-09 9.266726830325922037e-10 9.010068247050639911e-10 6.151249509755984946e-10 5.619305576409772129e-10 4.617596860434503014e-10 4.903486505725140887e-10
-1.002047576859066425e-11 5.602392855186266729e-11 -5.205637657046402467e-11 2.040758187438207472e-11 -3.068825749075188014e-11 -3.571107298760978210e-11 3.454991284387864958e-12 -2.903198861869960012e-11 2.649345846872375176e-11
1.752299277901769869e-10 -2.816302920038982194e-11 -1.650365955008226138e-10 2.938005741470739451e-11 -3.442696648592313835e-12 -4.340550488479699709e-11 -1.417545334586600703e-11 -4.327264241377193343e-12 9.485451486768159413e-12
4.623501581590971909e-09 2.661364906231256100e-09 1.755895429056408830e-09 1.380584535581874661e-09 1.172492547496517545e-09 9.397165268154594742e-10 7.237471177923282539e-10 8.363028602964561742e-10 6.536582941585322715e-10
-4.449523527405574441e-10 2.481757577221799238e-10 -2.416332134380638763e-10 3.104899670702820913e-11 -8.773024841313148414e-12 1.093603766572082137e-11 -3.830401967830354693e-11 2.821330148672362981e-11 -8.114010331683463306e-12
1.899632451340949046e-09 8.059881650979150436e-10 6.760079718226563728e-10 4.066137981872941509e-10 4.358983451968612144e-10 3.374416857049311602e-10 2.726166237199123543e-10 2.590694880844068848e-10 2.755077832539143401e-10
