5.059999972581863403e-02 1.075977141437375016e-02 5.059999972581863403e-02 3.632913865434585741e-03
1.023000031709671021e-01 5.666655415864035872e-02 1.023000031709671021e-01 4.989272044732233867e-03
1.553000062704086304e-01 2.241244068333191064e-01 1.553000062704086304e-01 1.255104787817536843e-02
2.097000032663345337e-01 3.995367496437708943e-01 2.097000032663345337e-01 2.305880279636364841e-02
2.657000124454498291e-01 9.531625563768536535e-01 2.657000124454498291e-01 1.896835427381494618e-02
3.233000040054321289e-01 2.471293883992287110e+00 3.233000040054321289e-01 1.898287262767582584e-02
3.826999962329864502e-01 2.593029825742380723e+00 3.826999962329864502e-01 1.754188030971960688e-02
4.442000091075897217e-01 2.511830246889508178e+00 4.442000091075897217e-01 2.112146993625157315e-02
5.077999830245971680e-01 2.938463065931887108e+00 5.077999830245971680e-01 4.047578979463903326e-02
5.738999843597412109e-01 1.620233857624560514e+00 5.738999843597412109e-01 2.598444583437376290e-02
6.424999833106994629e-01 1.117299772565967464e+00 6.424999833106994629e-01 4.273204709215855379e-02
7.139999866485595703e-01 2.931504528236291707e-01 7.139999866485595703e-01 2.163170944838193055e-01
7.885000109672546387e-01 4.279553959982299732e-02 7.885000109672546387e-01 5.534217744706748654e-01
8.664000034332275391e-01 3.069665982923456757e-02 8.664000034332275391e-01 1.708598735660582291e+00
9.478999972343444824e-01 2.837144727736514924e-02 9.478999972343444824e-01 2.710372292572674091e+00
1.033400058746337891e+00 5.533190686261714453e-03 1.033400058746337891e+00 1.561603155162192280e+00
1.123299956321716309e+00 4.723300161118346684e-03 1.123299956321716309e+00 1.909474330283881915e+00
1.217900037765502930e+00 3.867625872002668826e-03 1.217900037765502930e+00 1.082412848941981309e+00
1.317600011825561523e+00 4.386905303815452802e-03 1.317600011825561523e+00 4.662594221400940819e-01
1.422999978065490723e+00 2.372425189056378766e-02 1.422999978065490723e+00 2.913559466084142957e-01
1.534500002861022949e+00 4.164381821077242640e-02 1.534500002861022949e+00 2.133013731914485678e-01
1.652799963951110840e+00 2.127202226552743144e-02 1.652799963951110840e+00 1.314068595513953330e-01
1.778399944305419922e+00 6.776129620875107062e-03 1.778399944305419922e+00 8.627108015980429478e-02
1.912099957466125488e+00 6.625127488854094110e-03 1.912099957466125488e+00 5.466880978515770151e-02
2.054800033569335938e+00 3.702169287492830703e-03 2.054800033569335938e+00 1.719851008990851138e-02
2.207200050354003906e+00 6.735465054741431382e-03 2.207200050354003906e+00 1.300908702822922008e-02
2.370399951934814453e+00 1.053095237236134109e-02 2.370399951934814453e+00 8.741210410500546008e-03
2.545500040054321289e+00 1.316234450247281626e-02 2.545500040054321289e+00 5.225606192798768097e-03
2.733799934387207031e+00 2.983262291386700599e-02 2.733799934387207031e+00 3.608104402671703705e-03
2.936700105667114258e+00 2.913844895059361159e-02 2.936700105667114258e+00 5.446138953673930732e-04
3.155900001525878906e+00 1.405526040093037048e-02 3.155900001525878906e+00 1.391196677331655207e-04
3.393199920654296875e+00 1.743231703444330163e-02 3.393199920654296875e+00 6.688719276502213683e-05
3.650700092315673828e+00 6.509099708103750076e-03 3.650700092315673828e+00 2.661649223081990334e-05
3.930900096893310547e+00 2.800553038755110996e-03 3.930900096893310547e+00 1.526416569563527733e-05
4.236700057983398438e+00 1.888350040165721238e-03 4.236700057983398438e+00 5.448198287985958231e-05
4.571199893951416016e+00 4.419498334420029323e-04 4.571199893951416016e+00 2.805214395838811700e-04
4.938199996948242188e+00 2.534717207733883139e-05 4.938199996948242188e+00 3.178412890236170731e-04
5.342299938201904297e+00 3.352686910930634518e-06 5.342299938201904297e+00 1.034532625699343148e-04
