5.059999972581863403e-02 1.075977141437375016e-02 5.059999972581863403e-02 3.675869561052596320e-03
1.023000031709671021e-01 5.666655415864035872e-02 1.023000031709671021e-01 2.966159620257769521e-03
1.553000062704086304e-01 2.241244068333191064e-01 1.553000062704086304e-01 1.376648917736676171e-02
2.097000032663345337e-01 3.995367496437708943e-01 2.097000032663345337e-01 2.858879322214803384e-02
2.657000124454498291e-01 9.531625563768536535e-01 2.657000124454498291e-01 2.448513017718639828e-02
3.233000040054321289e-01 2.471293883992287110e+00 3.233000040054321289e-01 2.993337405322944733e-02
3.826999962329864502e-01 2.593029825742380723e+00 3.826999962329864502e-01 2.856291821769878225e-02
4.442000091075897217e-01 2.511830246889508178e+00 4.442000091075897217e-01 2.954677743491537778e-02
5.077999830245971680e-01 2.938463065931887108e+00 5.077999830245971680e-01 5.574848144917861348e-02
5.738999843597412109e-01 1.620233857624560514e+00 5.738999843597412109e-01 2.791715483645208079e-02
6.424999833106994629e-01 1.117299772565967464e+00 6.424999833106994629e-01 2.007059409675705092e-02
7.139999866485595703e-01 2.931504528236291707e-01 7.139999866485595703e-01 3.085451004346349141e-02
7.885000109672546387e-01 4.279553959982299732e-02 7.885000109672546387e-01 4.905056776098692256e-02
8.664000034332275391e-01 3.069665982923456757e-02 8.664000034332275391e-01 1.217785215104722624e-01
9.478999972343444824e-01 2.837144727736514924e-02 9.478999972343444824e-01 3.210272848142317059e-01
1.033400058746337891e+00 5.533190686261714453e-03 1.033400058746337891e+00 4.338939602765052306e-01
1.123299956321716309e+00 4.723300161118346684e-03 1.123299956321716309e+00 1.641385408246738731e+00
1.217900037765502930e+00 3.867625872002668826e-03 1.217900037765502930e+00 2.042942334373447189e+00
1.317600011825561523e+00 4.386905303815452802e-03 1.317600011825561523e+00 2.219299875172480618e+00
1.422999978065490723e+00 2.372425189056378766e-02 1.422999978065490723e+00 1.777640080830571678e+00
1.534500002861022949e+00 4.164381821077242640e-02 1.534500002861022949e+00 7.801381126553055267e-01
1.652799963951110840e+00 2.127202226552743144e-02 1.652799963951110840e+00 2.143842510603277407e-01
1.778399944305419922e+00 6.776129620875107062e-03 1.778399944305419922e+00 4.683951843262408599e-02
1.912099957466125488e+00 6.625127488854094110e-03 1.912099957466125488e+00 3.049535773292894048e-02
2.054800033569335938e+00 3.702169287492830703e-03 2.054800033569335938e+00 1.300029739490432545e-02
2.207200050354003906e+00 6.735465054741431382e-03 2.207200050354003906e+00 1.269066059462544381e-02
2.370399951934814453e+00 1.053095237236134109e-02 2.370399951934814453e+00 8.586218833055672683e-03
2.545500040054321289e+00 1.316234450247281626e-02 2.545500040054321289e+00 3.766690140995787583e-03
2.733799934387207031e+00 2.983262291386700599e-02 2.733799934387207031e+00 1.747348282791145015e-03
2.936700105667114258e+00 2.913844895059361159e-02 2.936700105667114258e+00 3.238865928214729639e-04
3.155900001525878906e+00 1.405526040093037048e-02 3.155900001525878906e+00 1.035238874495078332e-04
3.393199920654296875e+00 1.743231703444330163e-02 3.393199920654296875e+00 6.139968000097450085e-05
3.650700092315673828e+00 6.509099708103750076e-03 3.650700092315673828e+00 1.883364780935837591e-05
3.930900096893310547e+00 2.800553038755110996e-03 3.930900096893310547e+00 3.456262149915059761e-05
4.236700057983398438e+00 1.888350040165721238e-03 4.236700057983398438e+00 3.426762520408314124e-05
4.571199893951416016e+00 4.419498334420029323e-04 4.571199893951416016e+00 2.333820605511208895e-04
4.938199996948242188e+00 2.534717207733883139e-05 4.938199996948242188e+00 2.013723950490595822e-04
5.342299938201904297e+00 3.352686910930634518e-06 5.342299938201904297e+00 1.217423256861463877e-04
