5.059999972581863403e-02 6.535857169651436080e-03
1.023000031709671021e-01 1.647273314690497759e-02
1.553000062704086304e-01 5.712453531179786936e-02
2.097000032663345337e-01 9.192757207607918368e-02
2.657000124454498291e-01 9.717479135586142014e-02
3.233000040054321289e-01 1.344210758377949455e-01
3.826999962329864502e-01 1.353274535830205627e-01
4.442000091075897217e-01 1.577056764948704393e-01
5.077999830245971680e-01 4.402411903144248795e-01
5.738999843597412109e-01 1.097274428654313683e+00
6.424999833106994629e-01 2.488377110035888684e+00
7.139999866485595703e-01 3.203199575241470587e+00
7.885000109672546387e-01 2.353622299635774073e+00
8.664000034332275391e-01 1.733016131428412931e+00
9.478999972343444824e-01 9.272311697172056499e-01
1.033400058746337891e+00 1.410851315403826856e-01
1.123299956321716309e+00 6.854486890763397677e-02
1.217900037765502930e+00 2.343175426012270718e-02
1.317600011825561523e+00 1.009329654382987856e-02
1.422999978065490723e+00 2.043534005525175085e-02
1.534500002861022949e+00 2.583033282792183624e-02
1.652799963951110840e+00 1.994929376899782364e-02
1.778399944305419922e+00 1.944149715461105168e-02
1.912099957466125488e+00 2.002830863374292086e-02
2.054800033569335938e+00 7.726726322747097010e-03
2.207200050354003906e+00 9.902618110635990137e-03
2.370399951934814453e+00 1.127850166432659527e-02
2.545500040054321289e+00 1.285267989277479733e-02
2.733799934387207031e+00 2.425842734973863643e-02
2.936700105667114258e+00 1.571418989730852603e-02
3.155900001525878906e+00 7.126307998567050356e-03
3.393199920654296875e+00 2.444129470173297177e-03
3.650700092315673828e+00 9.770698008882761684e-04
3.930900096893310547e+00 8.130877141953655974e-04
4.236700057983398438e+00 1.212159244414109374e-03
4.571199893951416016e+00 1.195777084383082851e-03
4.938199996948242188e+00 2.455372731260179408e-04
5.342299938201904297e+00 6.471278193821988908e-05
