# bin_2_2
1.505058511876244396e-05
1.511456685464946879e-05
1.517731606541186689e-05
1.523874410148072771e-05
1.529883422687675133e-05
1.535747329515667667e-05
1.541466389088811751e-05
1.547028942291147510e-05
1.552435984422589817e-05
1.557676817049501202e-05
1.562749496535903454e-05
1.567645954986847588e-05
1.572361548110695257e-05
1.576888459981342231e-05
1.581224688892616005e-05
1.585358288021940088e-05
1.589287546170140654e-05
1.593003125368134623e-05
1.596501051866956077e-05
1.599773837273571505e-05
1.602816436275242214e-05
1.605621285111429421e-05
1.608185725624688563e-05
1.610500700736843612e-05
1.612562707816812460e-05
1.614363308101040998e-05
1.615899122172582001e-05
1.617163942972295456e-05
1.618154027173348910e-05
1.618863015472909569e-05
1.619287255183542146e-05
1.619417933588756855e-05
1.619250263838371780e-05
1.618777642039829676e-05
1.617998887863909545e-05
1.616909868803096352e-05
1.615507580584916739e-05
1.613786249058001194e-05
1.611743519925753988e-05
1.609374280113072038e-05
1.606676857587971242e-05
1.603647149907967844e-05
1.600282740853015265e-05
1.596580420085419173e-05
1.592539734031920363e-05
1.588158399157813447e-05
1.583437000195425068e-05
1.578372722315748072e-05
1.572965104677573990e-05
1.567212202789636480e-05
1.561115859675068875e-05
1.554677087828989235e-05
1.547897249266585017e-05
1.540775306562659812e-05
1.533313732820278528e-05
1.525514357419013491e-05
1.517380958183261668e-05
1.508915493652480753e-05
1.500122763442290547e-05
1.491005298334346254e-05
1.481565578482794675e-05
1.471808399907056106e-05
1.461741559960253557e-05
1.451368530003785400e-05
1.440695499236297276e-05
1.429727497102576192e-05
1.418471517509023399e-05
1.406935193079620698e-05
1.395125814812750721e-05
1.383049474197401870e-05
1.370714675043336491e-05
1.358129874850765988e-05
1.345303525000477171e-05
1.332243903390272214e-05
1.318961414223078911e-05
1.305465333890969015e-05
1.291764075080952930e-05
1.277867313854133527e-05
1.263786875305728843e-05
1.249531008153991920e-05
1.235111305195477492e-05
1.220538150856562690e-05
1.205822694704201415e-05
1.190974842698579536e-05
1.176005948511543763e-05
1.160926595152011614e-05
1.145748253359660856e-05
1.130481308639377206e-05
1.115137471124490934e-05
1.099727672573342963e-05
1.084262907621151109e-05
1.068753831703850583e-05
1.053211494935301988e-05
1.037646623102657279e-05
1.022069552890994898e-05
1.006490116289756160e-05
9.909209491783284979e-06
9.753702762417586352e-06
9.598492284709631548e-06
9.443668733060086692e-06
9.289327811033047335e-06
9.135572666214287465e-06
8.982485091040442641e-06
8.830148034354216396e-06
8.678670643948939415e-06
8.528119224774753925e-06
8.378583461266172225e-06
8.230137004295308046e-06
8.082846500672033024e-06
7.936804330972195838e-06
7.792065278636319892e-06
7.648686565205444878e-06
7.506758711701929960e-06
7.366320869269825195e-06
7.227440102899430012e-06
7.090160160721274608e-06
6.954521924864068035e-06
6.820602561623915835e-06
6.688423077788555438e-06
6.558016452540930173e-06
6.429450961471020102e-06
6.302732105715158087e-06
6.177908742778284701e-06
6.054994878999514016e-06
5.934000350092321572e-06
5.814991870748648972e-06
5.697955435246739566e-06
5.582903830713197580e-06
5.469881891474398999e-06
5.358862424489633022e-06
5.249880724026722489e-06
5.142921167210106253e-06
5.037965900295340328e-06
4.935074381705995724e-06
4.834202363167452079e-06
4.735346731209195547e-06
4.638530188395923064e-06
4.543699676173173661e-06
4.450882669277368293e-06
4.360036772590081010e-06
4.271122174568417378e-06
4.184196384751491983e-06
4.099187475033798368e-06
4.016084998255765382e-06
3.934892086925657611e-06
3.855535711733696788e-06
3.778046074470469764e-06
3.702356893855413623e-06
3.628413909426175961e-06
3.556277750033026784e-06
3.485853582121530930e-06
3.417130481120310652e-06
3.350094576308774141e-06
3.284659275479706783e-06
3.220868075054528454e-06
3.158634370294374950e-06
3.097896051309149438e-06
3.038720008666910932e-06
2.980991768661786969e-06
2.924707451837558202e-06
2.869838797478993801e-06
2.816292901086170372e-06
2.764134548644975246e-06
2.713256748364037972e-06
2.663595270972000585e-06
2.615224619119482059e-06
2.568017089425097319e-06
2.521984765211196080e-06
2.477085484720591930e-06
2.433222791419450331e-06
2.390487011121886582e-06
2.348754447170483906e-06
2.307967656360139093e-06
2.268206351362855367e-06
2.229332187499957343e-06
2.191379721799388528e-06
2.154296953529067075e-06
2.117987152037918139e-06
2.082562965743762257e-06
2.047886683744036693e-06
2.013918885410319385e-06
1.980739214322950470e-06
1.948199655728930674e-06
1.916361757613786818e-06
1.885168755361902684e-06
1.854522733171543627e-06
1.824554621728714829e-06
1.795120633856789460e-06
1.766201596730837172e-06
1.737869451438706478e-06
1.709978793958027488e-06
1.682612371026369911e-06
1.655708701768581597e-06
1.629177811581958309e-06
1.603157720366386329e-06
1.577503621043293380e-06
1.552222452798734982e-06
1.527365924153327822e-06
1.502807464666157327e-06
1.478638619970778880e-06
1.454797781974726898e-06
1.431208366064187327e-06
1.408004582084173694e-06
1.385049579490031469e-06
1.362371440161663886e-06
1.340003790493458597e-06
1.317841870525754364e-06
1.295982502246759979e-06
1.274365052869977475e-06
1.252932190495552801e-06
1.231805530485470741e-06
1.210863227988639529e-06
1.190147215604717476e-06
1.169674814055141326e-06
1.149360625169402944e-06
1.129297036649699657e-06
1.109420208393235844e-06
1.089685955566574942e-06
1.070188705519585829e-06
1.050816360646728727e-06
1.031609098381442409e-06
1.012563551474525088e-06
9.936067689276813796e-07
9.748170919282405625e-07
9.561303373280068162e-07
9.375185244516739526e-07
9.190559775919685532e-07
9.006571759854193793e-07
8.823731131846007680e-07
8.642055367445764645e-07
8.461151862871277211e-07
8.281859185822786339e-07
