# bin_4_3
4.609988849761039885e-05
4.620808272699917618e-05
4.630966481778949016e-05
4.640425463764830653e-05
4.649189826198194653e-05
4.657223001624338462e-05
4.664529038490545056e-05
4.671074034084584379e-05
4.676858996550962213e-05
4.681853661224291989e-05
4.686054398246356862e-05
4.689432595695363016e-05
4.691980353622267672e-05
4.693677015830094283e-05
4.694521098801118629e-05
4.694486914440054406e-05
4.693574390215950778e-05
4.691765742004807237e-05
4.689052677305018823e-05
4.685418888955160573e-05
4.680861476337173617e-05
4.675364406434829960e-05
4.668926162941796585e-05
4.661531816277571396e-05
4.653179706185465455e-05
4.643857007062808469e-05
4.633564551953515319e-05
4.622295400184630340e-05
4.610052886999859909e-05
4.596833736198959228e-05
4.582637362726852624e-05
4.567455538674921451e-05
4.551291927875079213e-05
4.534145613893237600e-05
4.516023227995391912e-05
4.496925216942662543e-05
4.476861516423327606e-05
4.455838030527034429e-05
4.433866122765708201e-05
4.410947728435576936e-05
4.387090993584337429e-05
4.362303080788593147e-05
4.336601308309166215e-05
4.309997731259603986e-05
4.282507299875244630e-05
4.254143937694551019e-05
4.224923789384192239e-05
4.194857572581082831e-05
4.163967235362885295e-05
4.132272207152047047e-05
4.099793341212021406e-05
4.066547676517859691e-05
4.032558304785893949e-05
3.997845532971795637e-05
3.962434187602589391e-05
3.926347806235109227e-05
3.889611318052646244e-05
3.852246762024538366e-05
3.814284503946178766e-05
3.775750044925467994e-05
3.736668591289833919e-05
3.697065078395303978e-05
3.656971021205439738e-05
3.616415561810124485e-05
3.575427439508256666e-05
3.534030805961797317e-05
3.492258427860861768e-05
3.450143114134953737e-05
3.407709443033266598e-05
3.364987587088715291e-05
3.322009358558884008e-05
3.278801178343550645e-05
3.235396289986415904e-05
3.191823192714183388e-05
3.148111728791474448e-05
3.104292124355077619e-05
3.060391712988572621e-05
3.016439269153743080e-05
2.972463535987389323e-05
2.928490656668427734e-05
2.884551795587831410e-05
2.840673589832031721e-05
2.796882156549654593e-05
2.753204783722869190e-05
2.709665071444315732e-05
2.666289724098068741e-05
2.623102014202874797e-05
2.580122453765943373e-05
2.537381955253675529e-05
2.494898205627501088e-05
2.452694632211058340e-05
2.410792292199841940e-05
2.369208517032978626e-05
2.327966939180584226e-05
2.287082343643496025e-05
2.246569526575173579e-05
2.206455895700091112e-05
2.166749975027194481e-05
2.127470199684488385e-05
2.088630228243259482e-05
2.050239756340279312e-05
2.012319669298446421e-05
1.974875255746915914e-05
1.937914520766369168e-05
1.901459551761160751e-05
1.865511003283733049e-05
1.830081395175066990e-05
1.795176788303643457e-05
1.760798601052905306e-05
1.726965682140336469e-05
1.693673866961664545e-05
1.660924295869672305e-05
1.628734542444945890e-05
1.597096647680533945e-05
1.566019023389301587e-05
1.535499523679264203e-05
1.505532503056051816e-05
1.476135753749370273e-05
1.447295628609388873e-05
1.419008565790822584e-05
1.391288060251898298e-05
1.364117154925373546e-05
1.337502980166594138e-05
1.311436404458848776e-05
1.285904764611291741e-05
1.260926893590135930e-05
1.236480721327035638e-05
1.212560122290546719e-05
1.189174831159895692e-05
1.166300362900611252e-05
1.143944826532835504e-05
1.122092809775262114e-05
1.100726410699835080e-05
1.079866700602957035e-05
1.059484702018772164e-05
1.039574432058091986e-05
1.020141436250173115e-05
1.001156836696474577e-05
9.826311222425047586e-06
9.645437015787708588e-06
9.468734642553406180e-06
9.296442589704250996e-06
9.128215093369012150e-06
8.964015293515735868e-06
8.803857560679965755e-06
8.647428511022770974e-06
8.494876617795475707e-06
8.345950186738866568e-06
8.200428170260886773e-06
8.058575239063837361e-06
7.920004887010860683e-06
7.784716043607279473e-06
7.652684488707898542e-06
7.523589013408342844e-06
7.397638024361317136e-06
7.274540908927049749e-06
7.154087965546163565e-06
7.036562531256497063e-06
6.921551776629831167e-06
6.809102806969529125e-06
6.699157600069077751e-06
6.591407380663659835e-06
6.486124608305957559e-06
6.382982010272361205e-06
6.281796234460145817e-06
6.182858285949688156e-06
6.085751268812867950e-06
5.990580477909444971e-06
5.897254614399322842e-06
5.805484528965681441e-06
5.715598229189391692e-06
5.627245623350116091e-06
5.540290086292881079e-06
5.455012928829872657e-06
5.371005086178056423e-06
5.288430628193905095e-06
5.207177938694939820e-06
5.126984686513256153e-06
5.048208898583354229e-06
4.970488110404879586e-06
4.893750330832029111e-06
4.818246463134550730e-06
4.743579332218162423e-06
4.669964341266824167e-06
4.597283110393547543e-06
4.525294695583539238e-06
4.454367163883037427e-06
4.384151395350881140e-06
4.314636930024232000e-06
4.246032108854677090e-06
4.177990269931782639e-06
4.110757935180560397e-06
4.044219768431768154e-06
3.978182179123397587e-06
3.912995806611904952e-06
3.848337869504719094e-06
3.784258234602161048e-06
3.720890281635277704e-06
3.657957078369376995e-06
3.595683174371302709e-06
3.533950840795988134e-06
3.472601579437252294e-06
3.411930375642035374e-06
3.351648663253795892e-06
3.291834970935951064e-06
3.232558433101664351e-06
3.173597568151393224e-06
3.115136581440236129e-06
3.057039394772568251e-06
2.999166249405331822e-06
2.941721265147992422e-06
2.884445790383990262e-06
2.827424570922247147e-06
2.770698632285786496e-06
2.714136051513230814e-06
2.657940322111842170e-06
2.602049440120288436e-06
2.546439873864527982e-06
2.491328330439969068e-06
2.436589784407540049e-06
2.382383875450830643e-06
2.328794107317021092e-06
2.275787494616381257e-06
2.223554408772895096e-06
2.172049942762865638e-06
2.121268810856396963e-06
2.071344538231019305e-06
2.022180884996208152e-06
1.973890356663481354e-06
1.926488926508780037e-06
1.879905251617537293e-06
1.834205578641278544e-06
