# bin_4_4
6.023466172455817772e-05
6.033715628113341518e-05
6.043007931360941393e-05
6.051292939187396608e-05
6.058577857151132212e-05
6.064814862338289395e-05
6.070008982314610487e-05
6.074117329600615977e-05
6.077143067857221001e-05
6.079051289258011751e-05
6.079842750138237376e-05
6.079487355730307362e-05
6.077981093881231904e-05
6.075300616255343796e-05
6.071445456573273323e-05
6.066385165133134446e-05
6.060119940012463798e-05
6.052629874455563993e-05
6.043910343316687275e-05
6.033947419211059890e-05
6.022743247643747223e-05
6.010283233439496438e-05
5.996569225324305670e-05
5.981587735197261646e-05
5.965342867651106992e-05
5.947826459604802944e-05
5.929045559262039567e-05
5.908996853206324864e-05
5.887687768532266427e-05
5.865119051647389210e-05
5.841297310779581582e-05
5.816221284483710893e-05
5.789903306535112558e-05
5.762349263657180884e-05
5.733574008221468146e-05
5.703586323327113148e-05
5.672403361611436909e-05
5.640036620113896774e-05
5.606505677154902264e-05
5.571823694953703551e-05
5.536011320433141227e-05
5.499083703520463742e-05
5.461066018693374691e-05
5.421980007792589833e-05
5.381849293228815298e-05
5.340696988944646932e-05
5.298552590240392931e-05
5.255440595006525553e-05
5.211389924505387529e-05
5.166423949913254051e-05
5.120577761213799937e-05
5.073883953372162255e-05
5.026372528377648092e-05
4.978073893816531003e-05
4.929023292567749528e-05
4.879251380479561516e-05
4.828797296811580483e-05
4.777694690791925344e-05
4.725979749414910389e-05
4.673688932438080774e-05
4.620856645450930450e-05
4.567519569210383716e-05
4.513718024808190718e-05
4.459486610248066218e-05
4.404866098590978708e-05
4.349891153360387666e-05
4.294599673190164141e-05
4.239032861525882345e-05
4.183225949436843893e-05
4.127215500190992842e-05
4.071038753045651113e-05
4.014730696287170680e-05
3.958334090651539590e-05
3.901880227883976866e-05
3.845407205958224745e-05
3.788952927420089211e-05
3.732546885412249728e-05
3.676226106015929401e-05
3.620023672227615252e-05
3.563967660747928158e-05
3.508099651394474286e-05
3.452446141564426921e-05
3.397039243919195740e-05
3.341910112379032396e-05
3.287083792416594090e-05
3.232592633013560359e-05
3.178460005816437071e-05
3.124708893902323413e-05
3.071375396177505456e-05
3.018477437449945111e-05
2.966040051321359151e-05
2.914086953726173222e-05
2.862633806874244753e-05
2.811708620607663515e-05
2.761324006505808118e-05
2.711494067334028262e-05
2.662251134754692011e-05
2.613600277537305591e-05
2.565560652722758940e-05
2.518145730571917654e-05
2.471361677894904588e-05
2.425233345724193591e-05
2.379761103169057972e-05
2.334950274135236942e-05
2.290827225896956861e-05
2.247386611764923286e-05
2.204641024577685897e-05
2.162594069348448340e-05
2.121241883099782036e-05
2.080607890907980171e-05
2.040680412237140228e-05
2.001456655952028163e-05
1.962958124492376164e-05
1.925168598015119137e-05
1.888096823274626324e-05
1.851736319280423347e-05
1.816074753238665072e-05
1.781135672413774660e-05
1.746895570408719801e-05
1.713346775413510437e-05
1.680506539007080885e-05
1.648347483377601548e-05
1.616878416166085566e-05
1.586084583579214116e-05
1.555945414804098620e-05
1.526487218527301435e-05
1.497676320370603917e-05
1.469503117788785298e-05
1.441980896427508443e-05
1.415073355729007952e-05
1.388792210770265987e-05
1.363115397105470058e-05
1.338016569114966434e-05
1.313525951909158761e-05
1.289601652901399213e-05
1.266235755036402644e-05
1.243436426261267256e-05
1.221162778512032822e-05
1.199430598089240487e-05
1.178211828168940854e-05
1.157476945306469443e-05
1.137260034216908804e-05
1.117512776592714678e-05
1.098231365630937652e-05
1.079418659367487847e-05
1.061031777644023604e-05
1.043092567794352294e-05
1.025567794026451138e-05
1.008427796622877689e-05
9.917098185325651951e-06
9.753614813288483687e-06
9.593845121216958212e-06
9.437769040100186220e-06
9.284960929191674321e-06
9.135715761373661324e-06
8.989658786190265498e-06
8.846519524374144632e-06
8.706686803972432458e-06
8.569616067037640473e-06
8.435389503641276245e-06
8.303943148980926463e-06
8.174878031627241345e-06
8.048563146280724763e-06
7.924584514781293716e-06
7.802714589100110974e-06
7.683341110329926143e-06
7.565927772632846483e-06
7.450628863231221848e-06
7.337338770056471542e-06
7.225693352224781092e-06
7.116119990738924678e-06
7.008183644530685248e-06
6.901721580207966346e-06
6.797097105092448231e-06
6.693796461124195305e-06
6.592041144574198460e-06
6.491701364212737731e-06
6.392455560946496574e-06
6.294756735995859741e-06
6.198164857328113570e-06
6.102602819638644188e-06
6.008388711847931821e-06
5.915039667281212518e-06
5.822834950370201161e-06
5.731641357819823169e-06
5.641173729710218680e-06
5.551886447662798002e-06
5.463365362753647984e-06
5.375609192781265212e-06
5.288875378186988166e-06
5.202753171163876350e-06
5.117549106933746002e-06
5.033136618110585012e-06
4.949295920003216830e-06
4.866452659003657721e-06
4.784238056167798769e-06
4.702727022496637302e-06
4.622083635012842082e-06
4.541984957937662349e-06
4.462685885671439631e-06
4.384030726606560872e-06
4.305801980732842224e-06
4.228293124633021466e-06
4.151121185157163609e-06
4.074331782667721566e-06
3.997964561779891367e-06
3.921747134635732275e-06
3.845891706690991774e-06
3.770276010441091284e-06
3.694795675942638250e-06
3.619745605402240266e-06
3.544913569825596370e-06
3.470474738154479865e-06
3.396545435944359330e-06
3.323044092357600850e-06
3.250248530095849287e-06
3.178143406273975159e-06
3.106746588086323517e-06
3.036318706266636586e-06
2.966737236684614678e-06
2.898166935377811068e-06
2.830669342799833119e-06
2.764176127725684942e-06
2.698854116785618934e-06
2.634640301071898399e-06
2.571517669501312958e-06
2.509597671597083895e-06
2.448746940374658737e-06
2.389037539370348457e-06
2.330450620397753105e-06
2.272902215707289417e-06
2.216451782615424576e-06
