# bin_4_2
2.528236996773633376e-05
2.537175491351953204e-05
2.545842360905295528e-05
2.554222573403615599e-05
2.562312255847921930e-05
2.570092870213487644e-05
2.577561085150458159e-05
2.584699431896684996e-05
2.591505715114412304e-05
2.597964922872685983e-05
2.604072083079018342e-05
2.609816978886908412e-05
2.615191451463215783e-05
2.620183716282835368e-05
2.624787501562416458e-05
2.628986994726565833e-05
2.632776141270946034e-05
2.636142175683419306e-05
2.639077257514680093e-05
2.641572895880559736e-05
2.643621265376524884e-05
2.645214466669142071e-05
2.646345857614667779e-05
2.647002466323879303e-05
2.647177437069755403e-05
2.646862337559579019e-05
2.646051406816389914e-05
2.644739007036790539e-05
2.642919092248092333e-05
2.640585460617494255e-05
2.637731232577721836e-05
2.634347193098042782e-05
2.630428760250666420e-05
2.625971581086665604e-05
2.620972932405020114e-05
2.615428892830281947e-05
2.609336753181883096e-05
2.602693649221692558e-05
2.595497972944015998e-05
2.587747384116219948e-05
2.579439439335944626e-05
2.570573062194655446e-05
2.561149763694141256e-05
2.551170484954729610e-05
2.540634689150849941e-05
2.529544374035550306e-05
2.517904235710154067e-05
2.505717868528605411e-05
2.492986019761872315e-05
2.479711151572615424e-05
2.465901303351764374e-05
2.451564268288095830e-05
2.436703583820084803e-05
2.421325144527389049e-05
2.405437993044404291e-05
2.389049509972675629e-05
2.372168817374582819e-05
2.354806502969281111e-05
2.336972151903077681e-05
2.318676303348947548e-05
2.299928271320835109e-05
2.280739858433797324e-05
2.261125916158030589e-05
2.241098608325388017e-05
2.220669833833866752e-05
2.199854447059355168e-05
2.178665334919836939e-05
2.157119208224579044e-05
2.135230690404988447e-05
2.113013773880394335e-05
2.090484605317519291e-05
2.067659702429820023e-05
2.044555540691734831e-05
2.021188439594912394e-05
1.997575896456504809e-05
1.973736010422251410e-05
1.949683581881527636e-05
1.925436768024329953e-05
1.901013988073410751e-05
1.876430822167797632e-05
1.851706802060718853e-05
1.826859112569364691e-05
1.801905407686163902e-05
1.776863124360993101e-05
1.751748927237525131e-05
1.726580937021533424e-05
1.701375543089433376e-05
1.676149219390694306e-05
1.650920407668771220e-05
1.625705161167524755e-05
1.600519459732112996e-05
1.575379795796345164e-05
1.550300612332334543e-05
1.525298925333535325e-05
1.500387911710388350e-05
1.475581536959964298e-05
1.450897836612403103e-05
1.426347818546927982e-05
1.401945954233498223e-05
1.377704975463597885e-05
1.353635844239529792e-05
1.329753903140193829e-05
1.306067784430009768e-05
1.282587865554015679e-05
1.259329031559889878e-05
1.236298366571757283e-05
1.213506636168866947e-05
1.190962621524462755e-05
1.168672407214358006e-05
1.146649341700612614e-05
1.124896996613599019e-05
1.103421332725826110e-05
1.082234140766854159e-05
1.061337527486493645e-05
1.040738928606767960e-05
1.020442056804887649e-05
1.000448672136165776e-05
9.807701387875526479e-06
9.614044603991974574e-06
9.423539107539926911e-06
9.236270980081958228e-06
9.052206072698963459e-06
8.871397090759186864e-06
8.693834486910087392e-06
8.519489420181927084e-06
8.348466416058716245e-06
8.180692250581940358e-06
8.016162481910739317e-06
7.854932378048830064e-06
7.696917723092872897e-06
7.542160532157927550e-06
7.390607288930807244e-06
7.242190599713204471e-06
7.097013468207577416e-06
6.954957616816322812e-06
6.816003320918357165e-06
6.680176129120579508e-06
6.547356179323791634e-06
6.417585104631797154e-06
6.290771519436723941e-06
6.166820243323567256e-06
6.045840590101023775e-06
5.927675460410641083e-06
5.812304064341714000e-06
5.699725634472397325e-06
5.589795559417387260e-06
5.482571059756417338e-06
5.377927653660972041e-06
5.275754971551515629e-06
5.176173990458556932e-06
5.078996573137569322e-06
4.984211040710637655e-06
4.891793064171071587e-06
4.801582981609745879e-06
4.713667927674682587e-06
4.627894630053038223e-06
4.544148487919464065e-06
4.462563078613346252e-06
4.382924909577138221e-06
4.305241821777388910e-06
4.229469032391454810e-06
4.155443354240648402e-06
4.083290731433313133e-06
4.012829322774644026e-06
3.943949496018945189e-06
3.876796075710343153e-06
3.811141597560009310e-06
3.747024896376790719e-06
3.684380795829618095e-06
3.623046816967222976e-06
3.563189166719483250e-06
3.504603810988607654e-06
3.447199560654009275e-06
3.391124944038539452e-06
3.336143638102108792e-06
3.282331817218610321e-06
3.229610793721849568e-06
3.177824415472217941e-06
3.127169747248749805e-06
3.077426818624165920e-06
3.028539589514889972e-06
2.980650660901428831e-06
2.933518515471091653e-06
2.887259884536423461e-06
2.841791360376497299e-06
2.796961596230870363e-06
2.752988318538085644e-06
2.709648774499123025e-06
2.666921379044577631e-06
2.624928869268956744e-06
2.583443098781561925e-06
2.542605985415691182e-06
2.502327803948912282e-06
2.462474047312735274e-06
2.423261952469757056e-06
2.384473197894607261e-06
2.346126281379433717e-06
2.308306276464536895e-06
2.270823949364830093e-06
2.233827021259980860e-06
2.197230286170127276e-06
2.160926481118076559e-06
2.125119594525304340e-06
2.089613195738649978e-06
2.054457706802648081e-06
2.019708716835366100e-06
1.985217007241536137e-06
1.951128472983487194e-06
1.917359343883535048e-06
1.883829729767533424e-06
1.850710124479072101e-06
1.817825939994351411e-06
1.785236502565758856e-06
1.752963491462626108e-06
1.720882210372503237e-06
1.689115270664070834e-06
1.657568350874515337e-06
1.626174561753240708e-06
1.595052548750118413e-06
1.564046589709527201e-06
1.533215368216328026e-06
1.502566013534380888e-06
1.472019927897072923e-06
1.441706057582690853e-06
1.411570152128259743e-06
1.381604893656004464e-06
1.351925056020350147e-06
1.322437421629362146e-06
1.293223352839537518e-06
1.264303436536527062e-06
1.235648676510937942e-06
1.207383879234583596e-06
