# bin_3_1
7.559786964792920841e-06
7.594778143010431764e-06
7.629300715152362702e-06
7.663329245229994922e-06
7.696834830744786831e-06
7.729782753212344909e-06
7.762182252995130283e-06
7.793969226211209579e-06
7.825154541288800340e-06
7.855696085873823864e-06
7.885583072271147893e-06
7.914793800076429023e-06
7.943302059373275338e-06
7.971070335722245801e-06
7.998093171881870170e-06
8.024308024371140904e-06
8.049707316244976381e-06
8.074247017892737476e-06
8.097909277487438332e-06
8.120668176976250991e-06
8.142498534298886107e-06
8.163363312684879879e-06
8.183248766368942070e-06
8.202108740454077150e-06
8.219927937394303023e-06
8.236665470674326054e-06
8.252303613896649637e-06
8.266818504798808382e-06
8.280192704459200006e-06
8.292391662361376484e-06
8.303392275122392047e-06
8.313141310539475502e-06
8.321611447755856411e-06
8.328765363678456048e-06
8.334595368200750970e-06
8.339082489954555125e-06
8.342208974617706490e-06
8.343943690129710121e-06
8.344268596933340413e-06
8.343142134975587516e-06
8.340551181157064545e-06
8.336470383638882610e-06
8.330882348895497696e-06
8.323756406952125466e-06
8.315075025250598669e-06
8.304827147723929407e-06
8.293012059137879879e-06
8.279597084105831163e-06
8.264560867872981019e-06
8.247882258008905771e-06
8.229561797025014750e-06
8.209594901021453821e-06
8.187973104691825225e-06
8.164670037510165815e-06
8.139682672657950634e-06
8.113011229281815535e-06
8.084655811538244305e-06
8.054610764092194042e-06
8.022890101004106700e-06
7.989482174446329866e-06
7.954375701778141505e-06
7.917580278704802608e-06
7.879126602995348649e-06
7.839012823259336360e-06
7.797245560296094512e-06
7.753834084608198204e-06
7.708795682358230564e-06
7.662152118379076299e-06
7.613926784371436468e-06
7.564123695711724737e-06
7.512772125034585082e-06
7.459901047118486803e-06
7.405529819719764909e-06
7.349687125658466371e-06
7.292412058424932882e-06
7.233736501839968733e-06
7.173683089568568735e-06
7.112285853402317675e-06
7.049599177088097462e-06
6.985645881877368978e-06
6.920471227947356357e-06
6.854119615622807921e-06
6.786637260695068899e-06
6.718060294231561298e-06
6.648440994199045120e-06
6.577821880058337388e-06
6.506257998934343587e-06
6.433795444968468795e-06
6.360483507892329641e-06
6.286377815188174466e-06
6.211528739491433177e-06
6.135986717098135739e-06
6.059810206437230735e-06
5.983049018882504015e-06
5.905757940737916214e-06
5.827988198001394750e-06
5.749806495319294091e-06
5.671255138805304631e-06
5.592397028898398549e-06
5.513280375064212585e-06
5.433962903769568168e-06
5.354500150892714339e-06
5.274942298256637439e-06
5.195339801077281492e-06
5.115754909669615986e-06
5.036230624712098349e-06
4.956822577476347371e-06
4.877578882175686438e-06
4.798545019057277031e-06
4.719776242766420935e-06
4.641314962341740308e-06
4.563201910393329210e-06
4.485494147159103838e-06
4.408225900913838361e-06
4.331443552291787769e-06
4.255183060777339394e-06
4.179480934507092415e-06
4.104386018020300768e-06
4.029926267895872701e-06
3.956131937282340891e-06
3.883050054979534751e-06
3.810699685603033055e-06
3.739118431610601024e-06
3.668328450803939896e-06
3.598350812302689353e-06
3.529228627604945638e-06
3.460972043078396605e-06
3.393601410961459720e-06
3.327150490845671198e-06
3.261621766066696016e-06
3.197043990228286987e-06
3.133423747606512221e-06
3.070766911596202171e-06
3.009109834551468434e-06
2.948447016674302061e-06
2.888787860015312862e-06
2.830152848230096582e-06
2.772529874068139861e-06
2.715939844008728909e-06
2.660374048789992755e-06
2.605825104576079081e-06
2.552324214133112565e-06
2.499849986537494111e-06
2.448404507532386543e-06
2.397995682421538611e-06
2.348598686668121746e-06
2.300231088323845816e-06
2.252869558304170763e-06
2.206496659850809254e-06
2.161140738713303933e-06
2.116766797599756021e-06
2.073372405632594783e-06
2.030954201809198848e-06
1.989477866435250566e-06
1.948962743097803454e-06
1.909373292114759817e-06
1.870684971040435182e-06
1.832925911981866119e-06
1.796049405258985199e-06
1.760052466617337556e-06
1.724922437284821144e-06
1.690619547782594736e-06
1.657169873961627689e-06
1.624526078934788541e-06
1.592659662425445181e-06
1.561600401220927877e-06
1.531293038663938310e-06
1.501738934860934608e-06
1.472916929308435415e-06
1.444783297080999213e-06
1.417374445880099548e-06
1.390633090113192657e-06
1.364530990600762983e-06
1.339099872026423807e-06
1.314277110269713752e-06
1.290072759018084696e-06
1.266459457411156213e-06
1.243391340676125160e-06
1.220915722257783356e-06
1.198966654323639888e-06
1.177522236248901197e-06
1.156615088667044546e-06
1.136175457624178405e-06
1.116226157055950251e-06
1.096736427009701407e-06
1.077657878432930565e-06
1.059048784655713913e-06
1.040837960936457292e-06
1.023011871846471534e-06
1.005601224257229452e-06
9.885341613894660448e-07
9.718454089422309032e-07
9.555006705733583968e-07
9.394530225073231992e-07
9.237675971413026031e-07
9.083698375298198677e-07
8.932584814057923506e-07
8.784563422617650085e-07
8.638972233124872740e-07
8.496235169672175551e-07
8.355996243103260884e-07
8.217833899962454266e-07
8.082423518179998820e-07
7.949028638078492166e-07
7.817750369579448664e-07
7.688737139609082662e-07
7.561401547725484922e-07
7.436224659528308887e-07
7.312831299763129282e-07
7.190871646585695441e-07
7.070986804383183230e-07
6.952478055044212627e-07
6.835533305437676359e-07
6.720228849075819175e-07
6.606071873963930996e-07
6.493588135847230113e-07
6.382410971200320714e-07
6.272302629059558245e-07
6.163855201241284735e-07
6.056458825933888959e-07
5.950381511646614342e-07
5.845651900887237579e-07
5.741880930455309320e-07
5.639589085334698584e-07
5.538400930200564247e-07
5.438145661445876672e-07
5.339282700816655583e-07
5.241246217379330305e-07
5.144280310781812857e-07
5.048304330527221733e-07
4.952956055865899963e-07
4.858660180594653693e-07
