# bin_3_2
2.184122878289415233e-05
2.192327449819838893e-05
2.200312951577992920e-05
2.208064787118319341e-05
2.215582159269608500e-05
2.222847540042284604e-05
2.229860600080608060e-05
2.236604424172703432e-05
2.243079625183117361e-05
2.249270912299115272e-05
2.255174976186152483e-05
2.260780173724424326e-05
2.266080781206445657e-05
2.271064153002605004e-05
2.275727054297060729e-05
2.280054462607999501e-05
2.284043753290766873e-05
2.287681852306592842e-05
2.290963238937770435e-05
2.293877475447345603e-05
2.296417871400047937e-05
2.298575425823011015e-05
2.300345996589340335e-05
2.301716978606147503e-05
2.302684536072594252e-05
2.303239062850502244e-05
2.303375829578272073e-05
2.303086682372404084e-05
2.302367117241222672e-05
2.301210403353037899e-05
2.299612229207592879e-05
2.297562124380020724e-05
2.295055791062696374e-05
2.292086446889180591e-05
2.288652743806218320e-05
2.284750072260806724e-05
2.280376943515141167e-05
2.275527529211491802e-05
2.270199900802960240e-05
2.264390441277392010e-05
2.258098533510149249e-05
2.251320687196539894e-05
2.244056816989125735e-05
2.236305082119974946e-05
2.228066959988433238e-05
2.219342681724641476e-05
2.210134666765405643e-05
2.200442833245001213e-05
2.190269549278650875e-05
2.179615523505568832e-05
2.168485930068512330e-05
2.156884991014169597e-05
2.144817733479387152e-05
2.132286582895164632e-05
2.119297909340443840e-05
2.105857253176334593e-05
2.091972965442708248e-05
2.077651053202584353e-05
2.062900770045513003e-05
2.047729320584879502e-05
2.032143717810640674e-05
2.016153619749545405e-05
1.999771683090754778e-05
1.983006226925831066e-05
1.965868896473364628e-05
1.948369517550984213e-05
1.930520344738671348e-05
1.912334539897981306e-05
1.893824348585503432e-05
1.875001335566706164e-05
1.855879180834297721e-05
1.836471538029268885e-05
1.816792735080617594e-05
1.796855965527164101e-05
1.776676997222492431e-05
1.756270629031814743e-05
1.735650028212155742e-05
1.714830327294683779e-05
1.693828152148438710e-05
1.672656531296767376e-05
1.651332689335817633e-05
1.629871449972505309e-05
1.608288713192815902e-05
1.586599238253627594e-05
1.564818403012267688e-05
1.542961615901048235e-05
1.521044121124255951e-05
1.499080211539926661e-05
1.477086498837640106e-05
1.455077202644169173e-05
1.433067102665626800e-05
1.411070567415923912e-05
1.389101413187842842e-05
1.367174346275342756e-05
1.345302094224450849e-05
1.323497103949380411e-05
1.301775993108394068e-05
1.280148738574463221e-05
1.258629118016378978e-05
1.237228484195554006e-05
1.215957798635042938e-05
1.194830509763894552e-05
1.173855558811440957e-05
1.153042502834675953e-05
1.132405220640294139e-05
1.111950563540538511e-05
1.091689046762510256e-05
1.071628838789940384e-05
1.051776625302724883e-05
1.032144150355863546e-05
1.012736034950990183e-05
9.935580349644486170e-06
9.746212780044722650e-06
9.559284053746896465e-06
9.374868789641052307e-06
9.193005000428310935e-06
9.013721554095651019e-06
8.837117404400930852e-06
8.663189916807191660e-06
8.491963866094017451e-06
8.323521290457778907e-06
8.157840670781421345e-06
7.994975315179018752e-06
7.834922222155183717e-06
7.677668422710560905e-06
7.523303154664616608e-06
7.371776126895996839e-06
7.223087081640300549e-06
7.077289217083638725e-06
6.934316724657198397e-06
6.794210562160541632e-06
6.656928535377454418e-06
6.522422211858995390e-06
6.390777376718436365e-06
6.261903163980290568e-06
6.135783624343179289e-06
6.012444492351071711e-06
5.891787444538484095e-06
5.773850126268302375e-06
5.658556169078935901e-06
5.545830798243844301e-06
5.435763540630516921e-06
5.328227968763196056e-06
5.223204864082875491e-06
5.120695737039960522e-06
5.020578943902571421e-06
4.922903204011515511e-06
4.827562107218603141e-06
4.734465444513866679e-06
4.643711897346698594e-06
4.555146199149089020e-06
4.468755032823454758e-06
4.384518395640212949e-06
4.302299899866120023e-06
4.222172630652864222e-06
4.144004169903763646e-06
4.067698436705552054e-06
3.993365071992563998e-06
3.920824843665837589e-06
3.850079967446018389e-06
3.781091934547652394e-06
3.713719788326144858e-06
3.648069844660772671e-06
3.583983821014888277e-06
3.521367980027670625e-06
3.460342608829878954e-06
3.400714355835347265e-06
3.342511848416302259e-06
3.285678339413589282e-06
3.230072143182266730e-06
3.175835356375279724e-06
3.122789280126069481e-06
3.070854565369407097e-06
3.020156141331769191e-06
2.970490653424199664e-06
2.921919379638950012e-06
2.874372922279168706e-06
2.827713354456271235e-06
2.782110748228802693e-06
2.737370556354838789e-06
2.693442382954409323e-06
2.650447023603510201e-06
2.608173549923392912e-06
2.566719278181056865e-06
2.526009563120101756e-06
2.485908984310236164e-06
2.446607629363431388e-06
2.407907075328781553e-06
2.369787014330120782e-06
2.332353122125785974e-06
2.295404756781932927e-06
2.259064355346347195e-06
2.223252323631941969e-06
2.187848147018673154e-06
2.153044933497085324e-06
2.118647516364468032e-06
2.084671566998176773e-06
2.051190988148250535e-06
2.018037124157058523e-06
1.985338940582500834e-06
1.953018988922480749e-06
1.920978656632753922e-06
1.889400104593782402e-06
1.858104818149885394e-06
1.827136646877494367e-06
1.796543963971775908e-06
1.766192917976129829e-06
1.736214434828869859e-06
1.706533765033857887e-06
1.677078443850519808e-06
1.648004599208303818e-06
1.619152817843280106e-06
1.590575544408109237e-06
1.562289605086661151e-06
1.534179775130280730e-06
1.506355840964522976e-06
1.478731767453370002e-06
1.451247125635760618e-06
1.424015230504424449e-06
1.396895283585541022e-06
1.369941886508116545e-06
1.343157430509896536e-06
1.316462082963564040e-06
1.289963896094437228e-06
1.263601661196782114e-06
1.237359874041389765e-06
1.211344772045952535e-06
1.185471339389959384e-06
1.159819021193993164e-06
1.134405564474445978e-06
1.109197466598355746e-06
1.084301656721187581e-06
