# bin_2_1
5.983717362145699906e-06
6.013376119266084576e-06
6.042728373798138057e-06
6.071765124078552301e-06
6.100456041520808762e-06
6.128777189326671629e-06
6.156735258028027112e-06
6.184282679207970070e-06
6.211426607005980901e-06
6.238137439850978011e-06
6.264402671922859078e-06
6.290212777051303526e-06
6.315541682560264158e-06
6.340364981246004859e-06
6.364675474641603734e-06
6.388423342132752800e-06
6.411600386512958147e-06
6.434169767455704861e-06
6.456113351663699176e-06
6.477415985446024558e-06
6.498056995920045969e-06
6.518006350415465907e-06
6.537246742396127031e-06
6.555739475356543186e-06
6.573470132383517363e-06
6.590407968529120873e-06
6.606537937068491988e-06
6.621842793608369108e-06
6.636303648036264860e-06
6.649894167530047145e-06
6.662592593453524398e-06
6.674354171770555913e-06
6.685154693251917592e-06
6.694961052018092645e-06
6.703760593097471228e-06
6.711540310664615015e-06
6.718284348029562389e-06
6.723964527879468468e-06
6.728557183247586512e-06
6.732027223349575000e-06
6.734363161782596548e-06
6.735542217749928530e-06
6.735545972310311829e-06
6.734348264589215392e-06
6.731931426473615238e-06
6.728283503104557325e-06
6.723397017050867244e-06
6.717242961538179452e-06
6.709795623087436260e-06
6.701029566320216337e-06
6.690945547786211657e-06
6.679541779314329900e-06
6.666804884559823335e-06
6.652709423444631143e-06
6.637247451658174276e-06
6.620413589344776526e-06
6.602200563167966319e-06
6.582597839769167516e-06
6.561612692123455769e-06
6.539234902387020980e-06
6.515445578617497467e-06
6.490252221258320209e-06
6.463676452752146802e-06
6.435708679192650756e-06
6.406346499992139202e-06
6.375594290475867167e-06
6.343461785116248591e-06
6.309963191271818516e-06
6.275112992240789418e-06
6.238905455116814827e-06
6.201361599075382300e-06
6.162503304984968868e-06
6.122339790107830201e-06
6.080891047129812786e-06
6.038183502979473887e-06
5.994239036422964920e-06
5.949070165461706240e-06
5.902701652771238638e-06
5.855177550739705777e-06
5.806512646861706670e-06
5.756737772978437922e-06
5.705885065630690787e-06
5.653988292329657473e-06
5.601076932225795485e-06
5.547193698530285636e-06
5.492366519758796167e-06
5.436637303553210843e-06
5.380045291244885082e-06
5.322626284151401769e-06
5.264424705515521286e-06
5.205481526096171776e-06
5.145837435043142233e-06
5.085535474605224935e-06
5.024616810919018809e-06
4.963131051647737160e-06
4.901115965401556897e-06
4.838623354353999152e-06
4.775692330094513411e-06
4.712374110035368155e-06
4.648708018981687606e-06
4.584742505581311769e-06
4.520523261090071531e-06
4.456095191830824566e-06
4.391500518188878801e-06
4.326788620876586381e-06
4.262001115917738959e-06
4.197183854696895833e-06
4.132377299435855572e-06
4.067624208227641337e-06
4.002969986013842013e-06
3.938452579337223825e-06
3.874109601212664868e-06
3.809989702286896058e-06
3.746123823155176152e-06
3.682554434204163946e-06
3.619313396608359509e-06
3.556435349346739036e-06
3.493962424590813090e-06
3.431921696436107248e-06
3.370342804992609532e-06
3.309265828957743481e-06
3.248712183892653039e-06
3.188715319857490676e-06
3.129297558517766762e-06
3.070481484821879708e-06
3.012303388734311446e-06
2.954777641697566107e-06
2.897924597937373244e-06
2.841774387102292351e-06
2.786334613723799812e-06
2.731631113468196532e-06
2.677673760474865201e-06
2.624472259402038984e-06
2.572057059225900394e-06
2.520429593351770378e-06
2.469600696655333743e-06
2.419589226493793713e-06
2.370390692433816720e-06
2.322023430677070318e-06
2.274484621057157786e-06
2.227772516488852272e-06
2.181912565609983546e-06
2.136892699724002380e-06
2.092716816705072666e-06
2.049393080772670772e-06
2.006905840217957049e-06
1.965269618356581136e-06
1.924469028784554362e-06
1.884493297968653595e-06
1.845364671716396332e-06
1.807059294261522868e-06
1.769576190953060075e-06
1.732913798295701356e-06
1.697047763176127959e-06
1.661992910455792918e-06
1.627723252853604610e-06
1.594221102015378325e-06
1.561507881565334459e-06
1.529549334031845634e-06
1.498342865424936602e-06
1.467878799506933784e-06
1.438127359238350283e-06
1.409107976229716725e-06
1.380784390527803908e-06
1.353134658516331965e-06
1.326181200387931448e-06
1.299881889102712579e-06
1.274236756360893785e-06
1.249228787734336660e-06
1.224824072086710531e-06
1.201050025029753418e-06
1.177861623465454979e-06
1.155236136004490306e-06
1.133197551074631351e-06
1.111696805970874074e-06
1.090740405376737092e-06
1.070305842141072237e-06
1.050356627957147055e-06
1.030929072154844561e-06
1.011970383374849813e-06
9.934621638972124113e-07
9.754293513603041733e-07
9.578161558563814498e-07
9.406392726161106864e-07
9.238730120672976090e-07
9.074781201252839352e-07
8.915002755490542744e-07
8.758816623222648277e-07
8.606101847421704345e-07
8.457096450353435646e-07
8.311215765626275464e-07
8.168727362741169682e-07
8.029342655368223408e-07
7.892675412916201027e-07
7.759247812793228333e-07
7.628447933867717505e-07
7.500254127910003215e-07
7.374845827545723213e-07
7.251675381353201213e-07
7.131080043216553851e-07
7.012756098362002397e-07
6.896349754234700551e-07
6.782411665835519785e-07
6.670328453301112471e-07
6.560172846625032878e-07
6.452062834542283082e-07
6.345506230980408453e-07
6.240899038991809451e-07
6.137921899407510998e-07
6.036279835760125813e-07
5.936508532573747157e-07
5.838019392389729480e-07
5.740959678747576265e-07
5.645385278410461730e-07
5.550869281138256668e-07
5.457843982717796002e-07
5.365980697204940176e-07
5.275061118728787459e-07
5.185575298652891434e-07
5.096989447435771361e-07
5.009514404165779816e-07
4.923162910141109827e-07
4.837592642368445625e-07
4.753248372497420204e-07
4.669802886937294624e-07
4.587110706553090246e-07
4.505579108416229161e-07
4.424728918746985481e-07
4.344780477636354262e-07
4.265674875938126896e-07
4.187106669006841224e-07
4.109459344755354981e-07
