# bin_3_3
3.695008443856747667e-05
3.705421639814910961e-05
3.715353043456944519e-05
3.724776356160184281e-05
3.733688671329570799e-05
3.742061289564867259e-05
3.749892710086213032e-05
3.757157260838214752e-05
3.763851406371358164e-05
3.769952842075451982e-05
3.775457203041337128e-05
3.780347513989139075e-05
3.784614199744803029e-05
3.788240716384286456e-05
3.791221154059576918e-05
3.793533873687186022e-05
3.795172116999935867e-05
3.796120499067984444e-05
3.796369449128644201e-05
3.795908166755648642e-05
3.794729494086690339e-05
3.792822093248543437e-05
3.790180564815194623e-05
3.786789849574345241e-05
3.782644410207926889e-05
3.777735251431821979e-05
3.772058089002057197e-05
3.765607111911247086e-05
3.758378433187155462e-05
3.750366755586007376e-05
3.741567973662305381e-05
3.731974315843513307e-05
3.721584251141177329e-05
3.710396214983305248e-05
3.698411244211909592e-05
3.685628883395430656e-05
3.672050540247672634e-05
3.657677797174271493e-05
3.642514281416887477e-05
3.626561988309000734e-05
3.609824436198409697e-05
3.592305946145226331e-05
3.574014143019186478e-05
3.554956408312095329e-05
3.535139259179709184e-05
3.514571323348420520e-05
3.493264518805320800e-05
3.471229711400059377e-05
3.448475832013493420e-05
3.425012665787456969e-05
3.400856701331508148e-05
3.376024138165165464e-05
3.350527021453458430e-05
3.324379862774393325e-05
3.297600305733662811e-05
3.270204297270877861e-05
3.242210687608451604e-05
3.213638696777120673e-05
3.184506962085867008e-05
3.154835550207717480e-05
3.124642587614908946e-05
3.093949184548711842e-05
3.062779224900326130e-05
3.031153613236445076e-05
2.999094283175809313e-05
2.966624233541249972e-05
2.933765361358531046e-05
2.900543762759633275e-05
2.866981974131836990e-05
2.833102862947633647e-05
2.798930584000144912e-05
2.764489414587142712e-05
2.729805237807155760e-05
2.694901184834598630e-05
2.659802553743187151e-05
2.624535452859285415e-05
2.589120866348749642e-05
2.553584606755085335e-05
2.517951151196829080e-05
2.482241952050903060e-05
2.446484556222998369e-05
2.410701024083048663e-05
2.374914847218697388e-05
2.339149409821764933e-05
2.303425407603611972e-05
2.267766908664685919e-05
2.232193822799839050e-05
2.196726338674630686e-05
2.161389266856071796e-05
2.126200971459245653e-05
2.091181268049287459e-05
2.056350246104568394e-05
2.021723886285699395e-05
1.987323690416765724e-05
1.953163711810852830e-05
1.919259302486660105e-05
1.885633400336219297e-05
1.852296582998587008e-05
1.819265367418444713e-05
1.786553695798505655e-05
1.754171845552926837e-05
1.722138687966599186e-05
1.690461031117685003e-05
1.659148602690705901e-05
1.628219943578120441e-05
1.597679317926080483e-05
1.567538226156424487e-05
1.537804451867932201e-05
1.508481463617501323e-05
1.479585879311664236e-05
1.451116982571210589e-05
1.423078536737221438e-05
1.395485137889471372e-05
1.368333914549187451e-05
1.341632498059009839e-05
1.315381724018481584e-05
1.289579166909300719e-05
1.264239808383287585e-05
1.239355161346622974e-05
1.214924566806662056e-05
1.190958906386816992e-05
1.167447742160585380e-05
1.144396934391380403e-05
1.121801242845371296e-05
1.099652234737121933e-05
1.077964956621303779e-05
1.056723829149186728e-05
1.035925405905322455e-05
1.015577108406040272e-05
9.956619648779491184e-06
9.761858539940588720e-06
9.571379896461453684e-06
9.385052622879934693e-06
9.203038748028800998e-06
9.025123630864745840e-06
8.851265696777944214e-06
8.681503345473878062e-06
8.515625391763133206e-06
8.353704267423858331e-06
8.195585841071103045e-06
8.041108500815826449e-06
7.890453361910035893e-06
7.743356925811235400e-06
7.599789476519912216e-06
7.459755720428499167e-06
7.323018524125061751e-06
7.189682637773216117e-06
7.059552905830990862e-06
6.932454722599584115e-06
6.808589932479266304e-06
6.687657322550864831e-06
6.569650818419520243e-06
6.454543422590868966e-06
6.342085343147963635e-06
6.232429353130874954e-06
6.125344743239590709e-06
6.020660706164820952e-06
5.918596300336540686e-06
5.818823156346637032e-06
5.721371256117190286e-06
5.626186084633522562e-06
5.533022240581276786e-06
5.442087380054544178e-06
5.353116787061506932e-06
5.265956440750028639e-06
5.180835821907025581e-06
5.097417069030852833e-06
5.015777289217808167e-06
4.935834364038666169e-06
4.857353414378933806e-06
4.780592659993020947e-06
4.705264077823166630e-06
4.631248425629684743e-06
4.558772319487709229e-06
4.487497998099997705e-06
4.417553346922444101e-06
4.348839238966554390e-06
4.281138584293826165e-06
4.214741359075596274e-06
4.149344973557713390e-06
4.084882405081294063e-06
4.021560220038154464e-06
3.959043907035305020e-06
3.897507769309527939e-06
3.836845467627133159e-06
3.776852394216464031e-06
3.717832303662585781e-06
3.659487154117485647e-06
3.601799134776771995e-06
3.544941053854465118e-06
3.488612693018948263e-06
3.433017786181593628e-06
3.378050067829624437e-06
3.323540905990167613e-06
3.269786334607752699e-06
3.216507510087726741e-06
3.163741409621658293e-06
3.111603925705690399e-06
3.059854195954755729e-06
3.008688357747751474e-06
2.958003253596816171e-06
2.907665070547690921e-06
2.857936159247977548e-06
2.808571757456117531e-06
2.759645834563856539e-06
2.711231896747339348e-06
2.663145362922654757e-06
2.615562767881720358e-06
2.568369811533202282e-06
2.521445855186776815e-06
2.474967513598392584e-06
2.428688402035862314e-06
2.382656032926863084e-06
2.336878453711351079e-06
2.291204723596349373e-06
2.245795216416963155e-06
2.200570233195187800e-06
2.155490953572794228e-06
2.110737247565329779e-06
2.066170902837484684e-06
2.021908315598068636e-06
1.978004404074402360e-06
1.934417428398923898e-06
1.891336949349761176e-06
1.848739594746254905e-06
1.806639754490995344e-06
1.765170227355556002e-06
1.724231211249277535e-06
1.683921486381346830e-06
1.644272653024221629e-06
1.605251980774904691e-06
1.566964607194734813e-06
