# bin_4_1
8.390606697429935944e-06
8.427460264842693655e-06
8.463737214426959301e-06
8.499405641250880911e-06
8.534437340183385499e-06
8.568791373425164759e-06
8.602478012465029217e-06
8.635427998841918210e-06
8.667654200061888380e-06
8.699110758656794135e-06
8.729787185284176417e-06
8.759657501492159240e-06
8.788694630237909981e-06
8.816857667365896303e-06
8.844142609226513164e-06
8.870484176780152297e-06
8.895874857621271972e-06
8.920266117318388435e-06
8.943638972813046316e-06
8.965965239769875032e-06
8.987219976409418189e-06
9.007362852846771922e-06
9.026378255991710504e-06
9.044216773741758946e-06
9.060864551841041656e-06
9.076279830443538348e-06
9.090444241233252654e-06
9.103331583243664751e-06
9.114926007465568028e-06
9.125193759330140638e-06
9.134112194280490205e-06
9.141626373645198251e-06
9.147711272267769047e-06
9.152329315992654171e-06
9.155471189210412556e-06
9.157116314506704062e-06
9.157248503422711416e-06
9.155834970339017399e-06
9.152857012086745899e-06
9.148274145991831384e-06
9.142075023407645432e-06
9.134234528999991463e-06
9.124739639444430956e-06
9.113561124095231368e-06
9.100682284768321208e-06
9.086093616510538789e-06
9.069793893593662253e-06
9.051749463907630158e-06
9.031940094015414140e-06
9.010344827561458358e-06
8.986968818820192020e-06
8.961811001656789236e-06
8.934867542634001612e-06
8.906115296872525841e-06
8.875552907102479704e-06
8.843180138372038089e-06
8.808997694285049628e-06
8.773001483850720176e-06
8.735208818890020967e-06
8.695613326043178851e-06
8.654209219743960645e-06
8.611009979030745710e-06
8.566048394881581538e-06
8.519324218035998348e-06
8.470847118888333738e-06
8.420630113806014288e-06
8.368696087589113018e-06
8.315071192676890200e-06
8.259781532117500008e-06
8.202834175517969577e-06
8.144263032095306286e-06
8.084102684600715153e-06
8.022378544907004296e-06
7.959122211564515222e-06
7.894376105819203891e-06
7.828176630764476881e-06
7.760550643549813819e-06
7.691538086834807142e-06
7.621198887307550745e-06
7.549561235478468358e-06
7.476675147367272298e-06
7.402586302576081229e-06
7.327345449201776098e-06
7.250997774326221489e-06
7.173601574857371208e-06
7.095201183907538214e-06
7.015853926131374785e-06
6.935613296706501800e-06
6.854534811101873861e-06
6.772675854593317194e-06
6.690094124582966169e-06
6.606845353415943663e-06
6.522986578333828675e-06
6.438575501606475199e-06
6.353675122772762565e-06
6.268335522187201568e-06
6.182627544579508463e-06
6.096600179977293180e-06
6.010319732277452289e-06
5.923837698636394586e-06
5.837213551502249370e-06
5.750508284606116683e-06
5.663776031974305437e-06
5.577068271326269606e-06
5.490450782335690768e-06
5.403971110058468857e-06
5.317687094360782580e-06
5.231647246116667447e-06
5.145901139807439389e-06
5.060507576593577433e-06
4.975508499321043768e-06
4.890946927974336621e-06
4.806884575418275179e-06
4.723353308436909747e-06
4.640404483226843819e-06
4.558073180356457874e-06
4.476396205317471052e-06
4.395427076245322605e-06
4.315191260461727666e-06
4.235720292429710270e-06
4.157063756116792928e-06
4.079238677598845792e-06
4.002284996322689046e-06
3.926223661167474461e-06
3.851074822854722103e-06
3.776884741731986624e-06
3.703661061835907484e-06
3.631423251259831416e-06
3.560207556149920712e-06
3.490012510771232287e-06
3.420868969251486330e-06
3.352781201025419246e-06
3.285752721778045788e-06
3.219823226709874005e-06
3.154983008211285226e-06
3.091240614732054460e-06
3.028617609553209427e-06
2.967097277010387279e-06
2.906702291082080458e-06
2.847420687279435130e-06
2.789241882795351660e-06
2.732200422976165995e-06
2.676269634627688966e-06
2.621450860866874967e-06
2.567752036819710498e-06
2.515143339448694154e-06
2.463644278972911689e-06
2.413227491193372455e-06
2.363872072255927461e-06
2.315609784587950799e-06
2.268399743318802639e-06
2.222239113217998313e-06
2.177123781839404628e-06
2.133014373799688141e-06
2.089932749170566383e-06
2.047838731481926279e-06
2.006704421076926300e-06
1.966561441293673669e-06
1.927356846222868677e-06
1.889087759817383625e-06
1.851740171782949526e-06
1.815269496057235181e-06
1.779705129845870559e-06
1.744994565624700457e-06
1.711106269132337667e-06
1.678073620089879189e-06
1.645835109368707055e-06
1.614392962848886510e-06
1.583724161620481759e-06
1.553780468846941399e-06
1.524602506575922018e-06
1.496127445323075188e-06
1.468324604222837514e-06
1.441229323398990662e-06
1.414772777761004281e-06
1.388966805981724877e-06
1.363781913237882114e-06
1.339168081425480287e-06
1.315177598776840144e-06
1.291738727858209586e-06
1.268828088433024272e-06
1.246481801690844939e-06
1.224623937797101206e-06
1.203280157871354121e-06
1.182417524817328707e-06
1.161983712734795627e-06
1.142042569720874989e-06
1.122517153120283249e-06
1.103393409948714819e-06
1.084705218132617455e-06
1.066375038812152075e-06
1.048441345204649028e-06
1.030867741828272150e-06
1.013603995341354182e-06
9.967210240278296410e-07
9.801386011695921902e-07
9.638557443493049223e-07
9.478969899822169116e-07
9.321904901807489582e-07
9.167814062140578775e-07
9.016307093054189963e-07
8.866921282184166016e-07
8.720374298891973041e-07
8.575869328576462500e-07
8.433516375861455822e-07
8.293479154674678539e-07
8.155137111565387196e-07
8.019020738830374621e-07
7.884748324001430467e-07
7.751966893627298555e-07
7.621383028473765270e-07
7.492271518253929309e-07
7.364855058176075511e-07
7.239232422402460668e-07
7.114891652035559558e-07
6.992402077731161569e-07
6.871380510163138759e-07
6.751576762138296615e-07
6.633617879918589080e-07
6.516852620905794264e-07
6.401562188127948449e-07
6.287770794413786927e-07
6.175058668540456531e-07
6.063967267665810290e-07
5.954091594227081155e-07
5.845242186925467872e-07
5.737892400152669756e-07
5.631435003768887817e-07
5.526119539168661157e-07
5.421853715261142425e-07
5.318250275536430530e-07
5.215750149855389357e-07
