# bin_1_1
3.156418625761068505e-06
3.173147166884775410e-06
3.189752173763326590e-06
3.206241633855804864e-06
3.222596728312282261e-06
3.238821601841646795e-06
3.254934794594617728e-06
3.270922901574040004e-06
3.286798667346746866e-06
3.302543451998680541e-06
3.318127269847415561e-06
3.333532112820591918e-06
3.348724880092439940e-06
3.363690852453427258e-06
3.378439648831097673e-06
3.392967416784789497e-06
3.407291411956218719e-06
3.421395734529007182e-06
3.435260093427007875e-06
3.448866311980114109e-06
3.462196041996796424e-06
3.475248111037775046e-06
3.488029767108592994e-06
3.500521929539850960e-06
3.512704508552650560e-06
3.524534558404061490e-06
3.535993730030911222e-06
3.547094737640518015e-06
3.557857122601172694e-06
3.568277918364038182e-06
3.578325397799170735e-06
3.587952903983859406e-06
3.597154315223144506e-06
3.605930501936673664e-06
3.614273924505495840e-06
3.622151897480935691e-06
3.629547562731526548e-06
3.636477382049988227e-06
3.642951773148416656e-06
3.648923675580050204e-06
3.654351843856808996e-06
3.659232132007603109e-06
3.663586667764037672e-06
3.667397767996925039e-06
3.670638960262670354e-06
3.673309715632893523e-06
3.675398384195631640e-06
3.676857060767264453e-06
3.677687161684682430e-06
3.677914022374541679e-06
3.677515241726561211e-06
3.676450286681728274e-06
3.674726862645326427e-06
3.672328957799578652e-06
3.669251448423191023e-06
3.665509052731810745e-06
3.661062309247503821e-06
3.655889388939326563e-06
3.650017702403196410e-06
3.643425684361841592e-06
3.636114550299484441e-06
3.628055011883096650e-06
3.619254507837577575e-06
3.609728294282234207e-06
3.599449620357305819e-06
3.588413239446978525e-06
3.576624318669436080e-06
3.564094015764640669e-06
3.550796829468133289e-06
3.536739158088804959e-06
3.521933082559080757e-06
3.506368456375956773e-06
3.490044178326723899e-06
3.472981315570603447e-06
3.455170142346230939e-06
3.436611824963549912e-06
3.417325501765674957e-06
3.397305151423390912e-06
3.376561588310763251e-06
3.355112715277855533e-06
3.332953414365602177e-06
3.310104963445523003e-06
3.286569898457950350e-06
3.262364368262754505e-06
3.237502836036894257e-06
3.211993949902507976e-06
3.185859691226742526e-06
3.159106344695348083e-06
3.131758520376150085e-06
3.103826281563675204e-06
3.075333551813527567e-06
3.046294141629166103e-06
3.016728575947174536e-06
2.986654699447937094e-06
2.956097204460959965e-06
2.925072919770244620e-06
2.893606512668336982e-06
2.861716994146898892e-06
2.829429689025097145e-06
2.796765109502712799e-06
2.763747214444206379e-06
2.730400045549209171e-06
2.696748372850503746e-06
2.662813851696940508e-06
2.628623268604625497e-06
2.594199749397670023e-06
2.559569456479427188e-06
2.524755033819139086e-06
2.489782118008391560e-06
2.454676028343291282e-06
2.419459852614773052e-06
2.384157249737056951e-06
2.348796477003401361e-06
2.313397972985180638e-06
2.277987985995152727e-06
2.242587345081899268e-06
2.207219629897917358e-06
2.171910518242999933e-06
2.136679823652859947e-06
2.101548348616594839e-06
2.066541652019828126e-06
2.031677418745394072e-06
1.996978090932652770e-06
1.962461378557897967e-06
1.928145745424906919e-06
1.894054495362987284e-06
1.860202181001223928e-06
1.826605583917440484e-06
1.793285855771543556e-06
1.760253920517049698e-06
1.727528701281448942e-06
1.695122022710292743e-06
1.663045698537923484e-06
1.631319784858168819e-06
1.599952695287401626e-06
1.568955665992945317e-06
1.538343737388347559e-06
1.508121525546423132e-06
1.478303107674266857e-06
1.448893472148395561e-06
1.419898015899313358e-06
1.391333095786557345e-06
1.363199456235667081e-06
1.335503769830387666e-06
1.308254733370226926e-06
1.281450210107295090e-06
1.255100910868242204e-06
1.229204203458155802e-06
1.203759894834222222e-06
1.178781059800589338e-06
1.154261426037119047e-06
1.130203543740293068e-06
1.106609882835891899e-06
1.083472563573908212e-06
1.060800553463567861e-06
1.038584683292550907e-06
1.016819628368300298e-06
9.955165320407639664e-07
9.746626076482683557e-07
9.542577574920654599e-07
9.342989980717196163e-07
9.147743571366627912e-07
8.956933371381017642e-07
8.770403553385801269e-07
8.588064464333526676e-07
8.410019824855901879e-07
8.236089172356752610e-07
8.066268479219823546e-07
7.900479905932100732e-07
7.738570106658451110e-07
7.580661892627520066e-07
7.426544636361709634e-07
7.276110002003043558e-07
7.129462285563968486e-07
6.986374034748947564e-07
6.846861352097281974e-07
6.710808906513143881e-07
6.578039373825939446e-07
6.448714290577537494e-07
6.322573568994449795e-07
6.199518234041687966e-07
6.079654229175893892e-07
5.962708974505258163e-07
5.848742573601226279e-07
5.737615485933782120e-07
5.629127134298362897e-07
5.523487519472742293e-07
5.420401215068901556e-07
5.319792508675858399e-07
5.221763388504413932e-07
5.126015853023596369e-07
5.032661754538860204e-07
4.941539381972515857e-07
4.852442943793649690e-07
4.765624455444255057e-07
4.680761842914435705e-07
4.597825881039121717e-07
4.516893854327410686e-07
4.437674002903376431e-07
4.360321732745620393e-07
4.284661006560226357e-07
4.210494221637486701e-07
4.138100545996373957e-07
4.067145348525356998e-07
3.997648160193904115e-07
3.929658188483132124e-07
3.862900690368622243e-07
3.797574043384470094e-07
3.733487849847712785e-07
3.670468786800690935e-07
3.608803797270290097e-07
3.548159770743847012e-07
3.488601409330643831e-07
3.430148704977586298e-07
3.372553292164246873e-07
3.316049642784887486e-07
3.260436412987172324e-07
3.205576745252702102e-07
3.151746552125152005e-07
3.098628060623223659e-07
3.046326034327533825e-07
2.994835187570776599e-07
2.943944098205230232e-07
2.893909392026053485e-07
2.844523480453853787e-07
2.795690553520055264e-07
2.747659772802043581e-07
2.700143111207547523e-07
2.653273973365351251e-07
2.607020253420968465e-07
2.561200550229099458e-07
2.516065606350779107e-07
