# bin_4_3
1.595620284696823752e-08
1.602095851660629600e-08
1.608216302373559069e-08
1.615965500543279619e-08
1.623270548137369016e-08
1.630832685022222238e-08
1.638653074797257195e-08
1.646753322028162064e-08
1.655135345563193674e-08
1.663807551748019816e-08
1.672778463549473711e-08
1.682056809565685694e-08
1.691651506970574867e-08
1.701571693986042657e-08
1.711826562873311462e-08
1.722425432734573334e-08
1.735917306587899566e-08
1.744693568699942897e-08
1.756382100607013935e-08
1.768453197820287988e-08
1.780916617516656321e-08
1.793782283737569075e-08
1.807060434553894441e-08
1.820775149195215983e-08
1.834902398116194963e-08
1.849464727462842467e-08
1.864495975856221478e-08
1.879991319393441201e-08
1.896301077896140486e-08
1.912413884280466867e-08
1.929358097913728340e-08
1.946805766930478948e-08
1.964766677882853851e-08
1.983228458075039201e-08
2.002265771292075814e-08
2.021822323479567454e-08
2.041929004859304821e-08
2.062595800045112979e-08
2.083826721278148583e-08
2.105633492573251944e-08
2.128065740944431521e-08
2.151050008039080774e-08
2.174601867892933676e-08
2.198789243166962573e-08
2.223586351513542582e-08
2.248382906707147984e-08
2.275031272923264290e-08
2.301629940685190949e-08
2.328976262870640570e-08
2.356887827227531138e-08
2.385431502962605023e-08
2.414833174314264091e-08
2.444438329875523394e-08
2.474871869383177054e-08
2.505945284926630653e-08
2.538125932393166758e-08
2.569973842109567434e-08
2.602916176038038757e-08
2.636464320708460037e-08
2.670619471138947491e-08
2.705377334617392733e-08
2.740681942307750580e-08
2.777169742011043321e-08
2.813059132757140483e-08
2.849960960330534265e-08
2.887588697779867453e-08
2.925616749937058786e-08
2.964135951285371602e-08
3.003102168804460774e-08
3.042594865847043696e-08
3.082358160319276917e-08
3.122573666526471236e-08
3.163140632192060648e-08
3.204027419179729233e-08
3.245066634375957002e-08
3.286628286957512294e-08
3.328257738475307138e-08
3.370076821841136031e-08
3.411990574749615013e-08
3.453996708535219772e-08
3.496038995270456076e-08
3.538060093557996750e-08
3.579995933344244717e-08
3.621812316847548513e-08
3.663400659026550806e-08
3.706078630637104418e-08
3.745890772320002412e-08
3.786384516975945245e-08
3.826840230471577303e-08
3.866580998011657912e-08
3.905725414070461185e-08
3.944364079275214786e-08
3.981996806670378995e-08
4.018948011408008237e-08
4.055009797522645080e-08
4.090090390785204595e-08
4.124131079967143557e-08
4.157000626869881861e-08
4.188689428409951821e-08
4.219005593173463751e-08
4.247942675886932727e-08
4.275402854888345363e-08
4.301256614640086694e-08
4.325455125091466250e-08
4.347893719654872613e-08
4.368479486448501981e-08
4.387126560585857769e-08
4.403347334078531300e-08
4.418267778351344916e-08
4.430583529368040821e-08
4.440586425643900348e-08
4.448541213840039581e-08
4.453520338344332168e-08
4.456238850939362718e-08
4.456369823753575647e-08
4.453253258826008930e-08
4.448589399676179113e-08
4.442201442651873906e-08
4.429699033849981608e-08
4.415946797073871962e-08
4.399289093292701837e-08
4.379625809631148430e-08
4.356986002285872008e-08
4.331382412352586873e-08
4.302639265369524529e-08
4.270903647042935408e-08
4.235412458734847101e-08
4.198351073813895064e-08
4.157558072533023396e-08
4.113702552655859851e-08
4.067091377489690443e-08
4.017512920771404378e-08
3.965124620850348078e-08
3.909987653725201410e-08
3.850940571348964444e-08
3.791822418902867121e-08
3.728995332421150215e-08
3.663842086533005845e-08
3.596437570852314921e-08
3.526972665323459108e-08
3.455568101515856392e-08
3.382371337481269805e-08
3.307271003234743515e-08
3.231311947190452886e-08
3.153783028821886829e-08
3.075174777111020626e-08
2.995667629906411054e-08
2.915454701273354212e-08
2.834743828060446230e-08
2.753719932931448286e-08
2.672591949287851065e-08
2.591541008818149899e-08
2.510776529605364557e-08
2.430492616978988625e-08
2.350857066379332793e-08
2.272061493867381386e-08
2.194261605155466698e-08
2.117715547399853358e-08
2.042274733537225882e-08
1.968338161250320968e-08
1.895942814728915830e-08
1.825166517698924759e-08
1.756072634195114768e-08
1.688755824320030178e-08
1.623235662076858336e-08
1.559546812656740049e-08
1.497706481581028340e-08
1.437708712087390766e-08
1.379542892761798390e-08
1.323180541310820359e-08
1.268580487829430849e-08
1.215701922194401351e-08
1.164487475371002912e-08
1.114883892148183026e-08
1.066833364695944747e-08
1.020281132311953749e-08
9.751753983545941206e-09
9.314584935277857895e-09
8.891271362486290997e-09
8.481162747327509878e-09
8.084176596075436462e-09
7.700202008673085668e-09
7.329227435662338179e-09
6.971309986471262135e-09
6.626575056806012050e-09
6.295183357325776205e-09
5.977296198558769776e-09
5.673059915276776686e-09
5.382548038002087655e-09
5.105787759100498526e-09
4.842671901958006379e-09
4.592993908739658529e-09
4.356412665788592673e-09
4.132470290565655622e-09
3.920596410428761853e-09
3.719965054831848991e-09
3.530394939632671351e-09
3.350650074492202329e-09
3.180235087676945985e-09
3.018517232958459335e-09
2.864979564109895543e-09
2.719138288537657394e-09
2.580697520137800956e-09
2.449370731757822842e-09
2.324934308833552627e-09
2.207175837013601193e-09
2.095876819482316359e-09
1.990767859536208643e-09
1.891554030905628881e-09
1.797887605501441090e-09
1.709424911203836302e-09
1.625804989758909741e-09
1.546711638069358582e-09
1.471855204658937059e-09
1.401035081446691903e-09
1.333999205188971086e-09
1.270566531171407417e-09
1.210530439450776735e-09
1.153710793628287905e-09
1.099879412975355830e-09
1.048849172248799452e-09
1.000436554960508711e-09
9.545035280918063793e-10
9.108896200873032347e-10
8.694657084297792917e-10
8.300084723961228448e-10
7.926560936738663237e-10
7.570180449760856036e-10
7.230738649121193160e-10
6.907244222989411093e-10
6.598772021829843720e-10
6.304435661981888040e-10
6.023395730216241459e-10
5.754876720929530723e-10
5.498168619595501756e-10
5.252617281546527567e-10
5.017611231375510270e-10
4.792579618883203366e-10
4.576995758272560415e-10
4.370373898002095444e-10
4.172263528196807509e-10
3.982247403119373750e-10
3.799939823959529892e-10
3.624983354964784731e-10
3.457046692859449960e-10
3.295821880001672557e-10
3.141022530953522707e-10
2.992382191208080012e-10
2.849653116738193497e-10
2.712604387723689979e-10
2.581020296737543973e-10
2.454698990733138511e-10
2.333451023433600911e-10
2.217098183026345358e-10
2.105472201777887050e-10
1.998413765856377968e-10
1.895771485133419691e-10
1.797401023121388904e-10
1.703164285730067438e-10
1.612928721290431449e-10
1.526566707602699951e-10
1.443954969907025597e-10
1.364974147641098361e-10
1.289508288724375680e-10
1.217444540541904988e-10
1.148672811561700071e-10
1.083085495654356522e-10
1.020577246956056443e-10
9.610447931086286585e-11
9.043867750553367258e-11
8.505036333840653160e-11
7.992975117623671726e-11
7.506722013784753276e-11
7.045330915604931918e-11
6.607871544774193867e-11
6.193429417912193896e-11
5.801105942797882145e-11
5.430018671872107837e-11
5.079301608231169838e-11
4.748105668797019578e-11
4.435599061660688657e-11
4.140967844114497583e-11
3.863416409648818187e-11
3.602168013847753334e-11
3.356465256407130251e-11
3.125570584015747315e-11
2.908766753715797817e-11
2.705356839289818076e-11
2.514666120953102714e-11
2.336040093239100925e-11
2.168846276148775291e-11
2.012473992288072701e-11
1.866334512268319438e-11
1.729861110603616045e-11
1.602509040556447120e-11
1.483755475221207103e-11
1.373099386174068581e-11
1.270061322510599522e-11
1.174183158698589995e-11
1.085027804412098078e-11
1.002178822329658191e-11
9.252400104583769355e-12
8.538349653561598252e-12
7.876065821396031420e-12
7.262159838685730423e-12
6.693441273033730424e-12
6.166879250068772761e-12
5.679618731970273437e-12
5.228968584911255551e-12
4.812395384043206702e-12
4.427516876596534428e-12
4.072095514757708118e-12
3.744032141481216021e-12
3.441359529049850347e-12
3.162235969068492363e-12
2.904939105437837510e-12
2.667859821079852746e-12
2.449489541873804359e-12
2.248441449217921823e-12
2.063403472840270457e-12
1.893160951726565173e-12
1.736584121189305556e-12
1.592623090948711559e-12
1.460302921191370482e-12
1.338718923397942358e-12
1.227032247401668741e-12
1.124465627135779789e-12
1.030299307569972620e-12
9.438597689682539541e-13
8.645465957483896398e-13
7.917823196545821909e-13
7.250410130675046543e-13
6.638371310712170947e-13
6.077226223466246785e-13
5.562842310199167112e-13
5.091264525398870938e-13
4.659285593190421113e-13
4.263513647611360443e-13
3.900971941034744802e-13
3.568921009073960864e-13
3.264624206320154632e-13
2.986214863649260868e-13
2.731326502491158453e-13
2.498001254088942765e-13
2.284440400791503033e-13
2.088991898520206553e-13
1.910138911928980477e-13
1.746489105969329148e-13
1.596764723124794784e-13
1.459793485130419791e-13
1.334500131071304596e-13
1.219898595702503066e-13
1.115084812328047792e-13
1.019159415617479909e-13
9.314897693050054703e-14
8.513199529155556876e-14
7.780197719283598596e-14
7.110049464588859474e-14
6.497283885300065481e-14
5.937137060138018128e-14
5.425134599132478285e-14
4.957044310822330967e-14
4.529254786669446369e-14
4.138175198922355696e-14
3.780750367713871319e-14
3.454044886886138975e-14
3.155475634616600256e-14
2.882638710078244188e-14
2.633268386744465022e-14
2.405411182528883941e-14
2.197205887993522675e-14
2.006858243891003676e-14
1.833008640059852403e-14
1.674101619790124179e-14
1.528925906027370441e-14
1.396250565334455227e-14
1.275058214070483008e-14
1.164269178618336742e-14
1.063072746297238327e-14
9.706008481186249187e-15
8.861011100684476259e-15
8.088875754005107344e-15
7.383489208996264962e-15
6.738773636081719778e-15
6.149768676771547282e-15
5.611594064600711146e-15
5.119722076668544072e-15
4.670335349187198869e-15
4.259645114214639069e-15
3.884375928289251949e-15
3.541437994528593467e-15
3.227972306954213813e-15
2.941566172289816384e-15
2.679785136980244590e-15
2.440595604898486875e-15
2.221927713738879442e-15
2.022103981786461442e-15
1.839378173883465065e-15
1.672379488740239882e-15
1.519773137650731074e-15
