# bin_2_1
1.132706239375667184e-08
1.136617878289606528e-08
1.139969896275319473e-08
1.144163257801835136e-08
1.149166502103875524e-08
1.153628658672564565e-08
1.158243128767939385e-08
1.163010092029834518e-08
1.167933507985656804e-08
1.173017334699626862e-08
1.178265320107816275e-08
1.183682339293013561e-08
1.189271754764234283e-08
1.195037651496230468e-08
1.200984019621812365e-08
1.207114821163102493e-08
1.213434135693925963e-08
1.219945871930025738e-08
1.226653865468023019e-08
1.233560591516669619e-08
1.240672218461241300e-08
1.247991247942167880e-08
1.255521230999102040e-08
1.263278803185272852e-08
1.271227427573233867e-08
1.279401486628291392e-08
1.287808640051783556e-08
1.296443013130011826e-08
1.305644875051041960e-08
1.314402578471523428e-08
1.323729099698635253e-08
1.333290883838299697e-08
1.343089458491202622e-08
1.353104104832453364e-08
1.363399475871101985e-08
1.373913689706335375e-08
1.384667001726620468e-08
1.395659611257376318e-08
1.406887006606110544e-08
1.418351574525160458e-08
1.430060769419850673e-08
1.442029488363116021e-08
1.454165526967552376e-08
1.466560742595663251e-08
1.479178215759639355e-08
1.492014075338916904e-08
1.505063133643035784e-08
1.518261710894946531e-08
1.531780568713993669e-08
1.545428050296401216e-08
1.557981190511999899e-08
1.573494316187940798e-08
1.587454549150899821e-08
1.601788369679994845e-08
1.616265801587819909e-08
1.631299474816684141e-08
1.645605142130912393e-08
1.660433256963583865e-08
1.675353145692966525e-08
1.690345322764024489e-08
1.705401615850258892e-08
1.720458510357600035e-08
1.736135037485877332e-08
1.750673419300943428e-08
1.765649624120032322e-08
1.780773953792952431e-08
1.795730870610604286e-08
1.810590528155127968e-08
1.825323541804023707e-08
1.839992046904295297e-08
1.854345465653747591e-08
1.868561175117349518e-08
1.882546024244360597e-08
1.896264366016754083e-08
1.909687001688014949e-08
1.922789672830299747e-08
1.935522723685800663e-08
1.947882285652191136e-08
1.959783616980173217e-08
1.971234312203256436e-08
1.982191096992228538e-08
1.992602120815296942e-08
2.002447358176142181e-08
2.011683741830853297e-08
2.020233261625577125e-08
2.029388424645375754e-08
2.035360546009322039e-08
2.041587193972340620e-08
2.047417936405598434e-08
2.052216511075794519e-08
2.056139981629595074e-08
2.059170640957958106e-08
2.061256686232094034e-08
2.062370078014423134e-08
2.060576332985935896e-08
2.061546061428088373e-08
2.059561293843531637e-08
2.056453363281585904e-08
2.052263131320876525e-08
2.046874187332003873e-08
2.040335219094448713e-08
2.032622334843727092e-08
2.023676108866322445e-08
2.013516299954914718e-08
2.002130257631740705e-08
1.989477326516693075e-08
1.975578145593426552e-08
1.960037962377365261e-08
1.944023534073872253e-08
1.926367564895424484e-08
1.907435873495569593e-08
1.887578754422583995e-08
1.865991087638629246e-08
1.843455914525849508e-08
1.819753062087520423e-08
1.794903308898515353e-08
1.768955025066570303e-08
1.741933586195857066e-08
1.713893062591733862e-08
1.684866827036937072e-08
1.654911198233760690e-08
1.624086214870007363e-08
1.592438198484021148e-08
1.560087048221546656e-08
1.526942767742787390e-08
1.493219872863278720e-08
1.458957575119190096e-08
1.424210893833759070e-08
1.389059272462211551e-08
1.353497851709263174e-08
1.317847594033868525e-08
1.281942918627150838e-08
1.245946045974351392e-08
1.209927440415384408e-08
1.173965125304230088e-08
1.138141584823947066e-08
1.102527027246529444e-08
1.067205139559178846e-08
1.032207194270685143e-08
9.976441068216130356e-09
9.635534292860321076e-09
9.299914485995658295e-09
8.967502719105939787e-09
8.646744657128156238e-09
8.329922400828930157e-09
8.020190709579975315e-09
7.717742889500039752e-09
7.422789463265371817e-09
7.135617825779793445e-09
6.856226146889884053e-09
6.584727884338619734e-09
6.321148473739179633e-09
6.065437204679543151e-09
5.817558803514606411e-09
5.577394668967504711e-09
5.344820116516665795e-09
5.119677151549622134e-09
4.901792353113370318e-09
4.690982023035922596e-09
4.486997987283983328e-09
4.289824503495917731e-09
4.099112284039896909e-09
3.914753114062685532e-09
3.736594739521038271e-09
3.564516597290131667e-09
3.398399159585367602e-09
3.238176090612789288e-09
3.083789672452180789e-09
2.935204884416424598e-09
2.792411495210347499e-09
2.655389222568023269e-09
2.524158473729515128e-09
2.398711368762436871e-09
2.279032585302253424e-09
2.165074585005357549e-09
2.056760872167095525e-09
1.953974986086036654e-09
1.856548476016291983e-09
1.764271841477873841e-09
1.676896100509708556e-09
1.594149021588867027e-09
1.515743278297073875e-09
1.441393684646735665e-09
1.370840453192587256e-09
1.303849423796443961e-09
1.240223438037085212e-09
1.179799552182198679e-09
1.122445344717391915e-09
1.068036121934924396e-09
1.016469816488913118e-09
9.676331031225080192e-10
9.214076315318494847e-10
8.776696281049453836e-10
8.362880061863035766e-10
7.971311138712652363e-10
7.600665546653775254e-10
7.249664381003593459e-10
6.917047734629329568e-10
6.601421184454995245e-10
6.302584095171735421e-10
6.018662123180089362e-10
5.749102065867290938e-10
5.493114680078923195e-10
5.249982819504526309e-10
5.018881052454898832e-10
4.799175263298934985e-10
4.590159116287832104e-10
4.391119147521915228e-10
4.201442679481031709e-10
4.020588954783560611e-10
3.847983646453959027e-10
3.683154809410453351e-10
3.525655566589938017e-10
3.375060941211180989e-10
3.230973663831612710e-10
3.093018255645042078e-10
2.960847976435983416e-10
2.834140104799132164e-10
2.712597507923162163e-10
2.595945487142389683e-10
2.483929513656217523e-10
2.376313516863509894e-10
2.272880002652844028e-10
2.173428025821181952e-10
2.077772514914700088e-10
1.985742322129021558e-10
1.897179347069197975e-10
1.811937499881682184e-10
1.729881771383688499e-10
1.650887165810583760e-10
1.574837690012062424e-10
1.501625602943845904e-10
1.431150716554168659e-10
1.363319748518938723e-10
1.298045442051316086e-10
1.235246068399402225e-10
1.174844686368788061e-10
1.116768784533298626e-10
1.060949642094022471e-10
1.007321919271702330e-10
9.558231806500653607e-11
9.063934504820017603e-11
8.589749561867310852e-11
8.135116761206113103e-11
7.699492551647232002e-11
7.282345732212299963e-11
6.883157196777750160e-11
6.501416716957933946e-11
6.136622549400617108e-11
5.788279568818800912e-11
5.455898399654239001e-11
5.138994870898620180e-11
4.837089005753567205e-11
4.549705128557221744e-11
4.276371079394947695e-11
4.016618563745945930e-11
3.769982922549797937e-11
3.536003423813878574e-11
3.314223416945593445e-11
3.104190680037765876e-11
2.905457857776688680e-11
2.717582726734333774e-11
2.540129219268450873e-11
2.372667102233997304e-11
2.214773096657378771e-11
2.066031246418256155e-11
1.926033433121867746e-11
1.794379910815963977e-11
1.670679818587400366e-11
1.554551616493489660e-11
1.445623564025192944e-11
1.343534084289104146e-11
1.247932166400269711e-11
1.158477641730691394e-11
1.074841471482706155e-11
9.967059581887023687e-12
9.237649043797570535e-12
8.557237341900136453e-12
7.922995360562736759e-12
7.332211066258149835e-12
6.782288749426997548e-12
6.270748490331414244e-12
5.795224772381313342e-12
5.353464916027793742e-12
4.943326944210330205e-12
4.562777349017900491e-12
4.209888505120014024e-12
3.882831979219468757e-12
3.579890582704499504e-12
3.299432096527092506e-12
3.039921513137650331e-12
2.799913518685929594e-12
2.578048989427956592e-12
2.373051325618783028e-12
2.183722777741589060e-12
2.008940862139571208e-12
1.847654761740172034e-12
1.698881695885376743e-12
1.561703449211118973e-12
1.435262984951805493e-12
1.318761037425515496e-12
1.211452878593503303e-12
1.112645224221891211e-12
1.021693167597450310e-12
9.379920447074915415e-13
8.609959571758538638e-13
7.901824873801861332e-13
7.250723472982741365e-13
6.652212878404956946e-13
6.102178149285114505e-13
5.596809706048917857e-13
5.132582761562354128e-13
4.706238053815588511e-13
4.314763212838150587e-13
3.955375417679632665e-13
3.625505315090027088e-13
3.322781671025513440e-13
3.045007859381629606e-13
2.790139795693292067e-13
2.556403929492349281e-13
2.342037082217526784e-13
2.145461428616916540e-13
1.965224183365570529e-13
1.799988119409365348e-13
1.648522821736906166e-13
1.509643136300616850e-13
1.382419347138098321e-13
1.265836378554132220e-13
1.158981166785499807e-13
1.061115565023122673e-13
9.714605096324472921e-14
8.893341100535133327e-14
8.141102386346898645e-14
7.452140317132344887e-14
6.821178035374724407e-14
6.242283426957079332e-14
5.713283094807825452e-14
5.228912160279406729e-14
4.785431799491330312e-14
4.379412994607368618e-14
4.007711249495993344e-14
3.667443381150029190e-14
3.355966191034115745e-14
3.070856798611878218e-14
2.809894290505961112e-14
2.570411730551634393e-14
2.351724658096727039e-14
2.151542666583823259e-14
1.968372071589915723e-14
1.800714164902525731e-14
1.647297250101969371e-14
1.506878283043357272e-14
1.378413994571641743e-14
1.260854098376673370e-14
1.153264371767395340e-14
1.054798501852533789e-14
9.647271951722058820e-15
8.823211320292864423e-15
8.068992402606303893e-15
7.378928977367337227e-15
6.747586551232739021e-15
6.169916173133369498e-15
5.641281680702798278e-15
5.157623369731388685e-15
4.715084929748593965e-15
4.310173018234145743e-15
3.939718463524415492e-15
3.600643792737871321e-15
3.290419761280429692e-15
3.006594684488030215e-15
2.746863294937276119e-15
2.509183502254635111e-15
2.291708456715150650e-15
2.092649840691505435e-15
1.910567047348214032e-15
1.743858532832882508e-15
1.591326742012204862e-15
1.451730201820574601e-15
1.323940503920276890e-15
1.206989589025598212e-15
1.099976916535934607e-15
1.002002148389150488e-15
9.123016313062577691e-16
8.302132971721425376e-16
7.550568502185942065e-16
6.862669099923882526e-16
6.232671502228343609e-16
5.656351905601250999e-16
5.128544552677104280e-16
4.645557282868872536e-16
4.203544141666066747e-16
3.799072015119187371e-16
3.429033357130154314e-16
3.090792657016804052e-16
2.781344776403737332e-16
2.498577255183360429e-16
2.240253808612151853e-16
2.004438604057759036e-16
1.789178733401433917e-16
1.592973440299941532e-16
