# bin_1_1
9.958530312723044533e-09
9.990276184327371698e-09
1.002308722488599457e-08
1.005016608041738971e-08
1.009199454817265651e-08
1.012810146269213840e-08
1.016541818672134871e-08
1.020393607258442645e-08
1.024368377634894991e-08
1.028468964776856312e-08
1.032697962282004917e-08
1.037059062798752290e-08
1.041554415191194349e-08
1.046266811585751973e-08
1.050959108179703184e-08
1.055873822784262947e-08
1.060933743240410493e-08
1.068600852802411146e-08
1.071499275214191521e-08
1.077008380416689263e-08
1.082673439478534884e-08
1.088495473807243689e-08
1.094476524724683870e-08
1.100631679859002547e-08
1.106922882875948820e-08
1.113391394336319958e-08
1.120017774253878682e-08
1.126820006659706347e-08
1.134126406539389844e-08
1.140929118325932187e-08
1.148233977059880875e-08
1.155707550815577065e-08
1.163349661608292409e-08
1.171137909555391068e-08
1.179135140148874215e-08
1.187277839085194690e-08
1.195584519549846816e-08
1.204053665862026799e-08
1.212679086085453730e-08
1.221461479383829703e-08
1.230406604913928969e-08
1.239527687862780868e-08
1.248731136763143456e-08
1.258106100976299593e-08
1.267616960954762795e-08
1.277255634392048023e-08
1.287016439443420430e-08
1.296834485512397589e-08
1.306878865524551198e-08
1.316957165855423180e-08
1.325860014692444048e-08
1.337595562223265201e-08
1.347696611515812571e-08
1.358072027144571648e-08
1.368491899084323017e-08
1.378945371110329926e-08
1.389416946441323385e-08
1.399887908050579612e-08
1.410350629252558594e-08
1.420785890692536976e-08
1.431185971522242050e-08
1.441488129741214453e-08
1.452306268117231928e-08
1.461901564104157038e-08
1.471834309157647905e-08
1.481820889795151484e-08
1.491549329177400476e-08
1.501092856543069444e-08
1.510421224940431725e-08
1.519602773558136574e-08
1.528390252484160040e-08
1.536963830549584771e-08
1.545233494708808773e-08
1.553172350483022780e-08
1.560752127767887310e-08
1.567955416021507649e-08
1.572357748773317790e-08
1.581103790027550303e-08
1.586974037919220465e-08
1.592363567090643545e-08
1.597237180950106443e-08
1.601552799928603828e-08
1.605295303113529973e-08
1.608435034155458055e-08
1.610902933069303618e-08
1.613976262318269424e-08
1.613952732196125232e-08
1.614208405450681189e-08
1.614124421559265614e-08
1.613082373611624645e-08
1.611250679874427204e-08
1.608625004845356637e-08
1.605167715238088973e-08
1.600865194603965975e-08
1.593901073714366835e-08
1.589651712958323773e-08
1.582724223420323788e-08
1.574862980972508178e-08
1.566123789720579231e-08
1.556409645009004167e-08
1.545783104839165492e-08
1.534237880163935714e-08
1.521731786570385133e-08
1.508301343738012423e-08
1.493951055342833153e-08
1.478656786070992665e-08
1.462456268631137830e-08
1.444979091332349891e-08
1.427383630839431329e-08
1.408540938030012779e-08
1.388828259917244461e-08
1.368598772589886151e-08
1.347079362374918161e-08
1.325046860633289313e-08
1.302299057652039777e-08
1.278866071719261049e-08
1.254802197536927252e-08
1.230141266033185357e-08
1.204941179174740247e-08
1.179238549271302794e-08
1.153090543699211631e-08
1.126556075433757916e-08
1.099678553423809107e-08
1.072519385436687158e-08
1.045139508147360501e-08
1.017584734633528357e-08
9.892712401076594379e-09
9.622285897795714428e-09
9.345292314291603940e-09
9.068147936945680964e-09
8.793746210150516294e-09
8.520281367998317599e-09
8.249077201013072654e-09
7.980555817731610184e-09
7.715192016315194521e-09
7.453486165717198525e-09
7.195805786435187243e-09
6.942634824990922034e-09
6.693941771945312464e-09
6.450458057095559713e-09
6.212207258782647589e-09
5.979397299611825870e-09
5.749752612902129851e-09
5.530939209608220302e-09
5.315386641719658975e-09
5.105813510570670553e-09
4.902153114714015118e-09
4.704419893550654065e-09
4.512599079194524137e-09
4.326620742233636309e-09
4.146430119678419307e-09
3.971944559944944805e-09
3.803048715686553061e-09
3.639655916715565066e-09
3.481651495616962181e-09
3.328927971414082065e-09
3.181374841152890215e-09
3.038885191756393452e-09
2.901363828362559891e-09
2.768658093221341781e-09
2.640835462000042270e-09
2.517660265004424187e-09
2.399108496892523084e-09
2.285105783398990189e-09
2.175592999547576931e-09
2.070489694654702075e-09
1.969752998237282118e-09
1.873317231870916867e-09
1.781121787927226067e-09
1.693108224744497155e-09
1.609194609096795455e-09
1.529322148965694304e-09
1.453401663034804194e-09
1.381334450479866910e-09
1.313006493135917674e-09
1.248282934195613073e-09
1.187010719874556324e-09
1.129110605497723827e-09
1.074118448463113860e-09
1.022120794533625549e-09
9.728359566697730432e-10
9.260828626791998429e-10
8.817011347437643188e-10
8.395533166929188464e-10
7.995270153568089775e-10
7.615308671566926900e-10
7.254881599692387213e-10
6.913283604090505990e-10
6.589743840745941114e-10
6.283473799625530360e-10
5.993557345319333481e-10
5.719017354099965528e-10
5.458879924373957297e-10
5.212205263454524318e-10
4.978145188001662848e-10
4.755931154510285308e-10
4.544872640054777675e-10
4.344322103321861588e-10
4.153710683740619866e-10
3.972428841831481795e-10
3.799919593125615143e-10
3.635669768527405229e-10
3.479190374573201453e-10
3.330017410473409202e-10
3.187713224078285300e-10
3.051855001363616757e-10
2.922081103251989486e-10
2.798002284892143713e-10
2.679312586076764642e-10
2.565694836761275755e-10
2.456860626869808610e-10
2.352543029083373224e-10
2.252492872822358147e-10
2.156478743562172403e-10
2.064287685620920686e-10
1.975722142386089793e-10
1.890600363656752351e-10
1.808753664879434263e-10
1.730026321306896426e-10
1.654274740100525386e-10
1.581366233180617813e-10
1.511178285519635903e-10
1.443597758219392462e-10
1.378519967926086340e-10
1.315848040952222214e-10
1.255492092157218773e-10
1.197368684305244962e-10
1.141400165223514535e-10
1.087514214137118361e-10
1.035643248822081216e-10
9.857239469507994717e-11
9.376967442747102595e-11
8.915053705390891491e-11
8.470965065906630120e-11
8.044193357459305740e-11
7.634253373966105214e-11
7.240678839091064799e-11
6.863020744261848738e-11
6.500843908618110524e-11
6.153725220534032832e-11
5.821251560349148081e-11
5.503017847380721526e-11
5.198626341184550527e-11
4.907684527864148387e-11
4.629805414484895951e-11
4.364605423568456133e-11
4.111704991725951356e-11
3.870727139871144942e-11
3.641297897360080301e-11
3.423045694830869493e-11
3.215601435894699564e-11
3.018598690535836103e-11
2.831673560496839073e-11
2.654465232647589309e-11
2.486615918975612086e-11
2.327771484447202643e-11
2.177581644996880460e-11
2.035700489179963937e-11
1.901786845306459909e-11
1.775504739996299586e-11
1.656523871488256761e-11
1.544519898495496103e-11
1.439175410674351349e-11
1.340179506909087060e-11
1.247228770969494194e-11
1.160027474584410659e-11
1.078287897879241874e-11
1.001730633102938224e-11
9.300848507726752100e-12
8.630884921311295990e-12
8.004884735369332209e-12
7.420407959404633116e-12
6.875106677205640625e-12
6.366725345320209140e-12
5.893101084313764726e-12
5.452163417021070360e-12
5.041933629951390234e-12
4.660523906397667138e-12
4.306135936753785490e-12
3.977059586514089348e-12
3.671670831403034189e-12
3.388429910755927122e-12
3.125878983220580118e-12
2.882639769285426974e-12
2.657410913470560542e-12
2.448965371527191220e-12
2.256147658653107803e-12
2.077867272796789850e-12
1.913110880540846527e-12
1.760916460804916599e-12
1.620386037604599230e-12
1.490678812349836817e-12
1.371008366758473918e-12
1.260639842806422876e-12
1.158887200731229804e-12
1.065110586321418713e-12
9.787137449426701614e-13
8.991414863933938932e-13
8.258772921012583561e-13
7.584410113695858259e-13
6.963865971680561755e-13
6.392999867434619497e-13
5.867970908735000411e-13
5.385218331582930094e-13
4.941391366779953850e-13
4.533543261183722246e-13
4.158790956095263749e-13
3.814520046825956847e-13
3.498313763902667709e-13
3.207939213104323505e-13
2.941334191440321440e-13
2.696595059591010175e-13
2.471965413518541350e-13
2.265825234330682653e-13
2.076680890185499161e-13
1.903155881496903099e-13
1.743982050757922743e-13
1.597982470905763321e-13
1.464055150200536117e-13
1.341295071176801738e-13
1.228742138339297309e-13
1.125558723355085515e-13
1.030974511648287457e-13
9.442812676962078126e-14
8.648280260765440707e-14
7.919934750967451466e-14
7.252680047364545699e-14
6.641304866995110297e-14
6.081172901875362776e-14
5.568027022798005480e-14
5.097958988594958162e-14
4.667381452814925441e-14
4.272931579523779331e-14
3.911733810921507972e-14
3.580879422712597014e-14
3.277898835896949452e-14
3.000461697071769163e-14
2.746430039795358686e-14
2.513785392860691001e-14
2.300776897695692382e-14
2.104399127827446969e-14
1.926085003223532078e-14
1.762838942980319280e-14
1.613393059608523254e-14
1.476585390914273223e-14
1.351351273494497386e-14
1.236715210635847944e-14
1.131783379319387027e-14
1.035736985035170865e-14
9.478260054845105095e-15
8.673633378180702037e-15
7.937197233810187307e-15
7.263189433288247268e-15
6.637609120663249355e-15
6.071831841413117663e-15
5.554119835434269943e-15
5.079961893784580181e-15
4.646336713121179726e-15
4.249251139986040282e-15
3.885878525817239600e-15
3.553336786878708590e-15
3.248926286869987675e-15
2.970312428684869373e-15
2.715303592796119756e-15
2.481844595827769965e-15
2.268223145856990317e-15
2.072649325007352172e-15
1.893607364470736751e-15
1.729733983367695403e-15
1.579745612345859620e-15
1.442425081869849970e-15
1.316706179369696537e-15
1.201632673543038669e-15
1.096281011852315765e-15
9.998064186942482648e-16
9.114986115972176934e-16
8.306279631775319454e-16
7.566097747123145794e-16
6.888073895615397900e-16
6.267346850636381728e-16
5.699051393064489861e-16
5.178683050585669874e-16
4.702236874186082934e-16
4.265956538417457198e-16
3.866574465357248006e-16
3.500782660176091479e-16
3.166008168416948922e-16
2.859848700550837662e-16
2.579507245421725419e-16
2.323181960906922772e-16
2.088820832399066862e-16
1.874673235372543270e-16
1.679128577626388180e-16
1.500667933141106681e-16
1.337952135593659925e-16
1.189730796571523742e-16
1.054873146764976013e-16
9.323529065241338222e-17
8.212012926596324397e-17
7.204800641234850744e-17
