# bin_4_2
1.466388896381900503e-08
1.472200572784051010e-08
1.477523707701649991e-08
1.484445008500524373e-08
1.490890554014991692e-08
1.497560377398987871e-08
1.504456084326100242e-08
1.511594478347951251e-08
1.518976914376231113e-08
1.526613028329835591e-08
1.534508553992847657e-08
1.542670789252355546e-08
1.551107173303539047e-08
1.559825316931822310e-08
1.568832835704359102e-08
1.578137420965327815e-08
1.587746994020944453e-08
1.597669405821462211e-08
1.607912547706808169e-08
1.618484270072388907e-08
1.629392427765338906e-08
1.640644387469427100e-08
1.652250153033344763e-08
1.664229931440965387e-08
1.676551846649658098e-08
1.689255156739034041e-08
1.702352499419050697e-08
1.715843028877939462e-08
1.730074234183955584e-08
1.744033573078848839e-08
1.758745577502610735e-08
1.773880123758552570e-08
1.789444327754674673e-08
1.805423077763546635e-08
1.821888229001706797e-08
1.838780610624574468e-08
1.856128166377102644e-08
1.873937862895921754e-08
1.892210634595919850e-08
1.910955052172604871e-08
1.930177032960260139e-08
1.949921268307116783e-08
1.970078594435903779e-08
1.990753943361192575e-08
2.011918077922232921e-08
2.032960849536525740e-08
2.055720015351506777e-08
2.078301461417425884e-08
2.101495102742809565e-08
2.125114862408905179e-08
2.149226578752192769e-08
2.174043822573426600e-08
2.198916980119967039e-08
2.224463908962538572e-08
2.250492934773280895e-08
2.277454189474984992e-08
2.303939852080927515e-08
2.331338368468555491e-08
2.359168591600571115e-08
2.387427809700555345e-08
2.416107846958994287e-08
2.445148961293092634e-08
2.475182064000590669e-08
2.504426891586350152e-08
2.534485710798537871e-08
2.565066405152881719e-08
2.595850647130475802e-08
2.626910597163528780e-08
2.658216829558036252e-08
2.689831294762649462e-08
2.721500399458651032e-08
2.753402822017866008e-08
2.785435501693683388e-08
2.817564633906952544e-08
2.849620923510185238e-08
2.881972834463384238e-08
2.914164413903431350e-08
2.946316524901010412e-08
2.978333878590097600e-08
3.010213839346985733e-08
3.041900545718501507e-08
3.073337442698563082e-08
3.104461766537061631e-08
3.135241131513917423e-08
3.165569455577293000e-08
3.196759020121452333e-08
3.224882774168206066e-08
3.253468574602090862e-08
3.281808106404461688e-08
3.309232240094234367e-08
3.335865612059192585e-08
3.361670971300253573e-08
3.386562390307187536e-08
3.410467748212323210e-08
3.431233837849884798e-08
3.455052826199155676e-08
3.475605608265547510e-08
3.494867264659428551e-08
3.512835667819383972e-08
3.529343177374901872e-08
3.544395563284617946e-08
3.557913784616339298e-08
3.569787577399928132e-08
3.579988484162069031e-08
3.588433518715582389e-08
3.595052732123526023e-08
3.599784415749713321e-08
3.602169439506276249e-08
3.603351379398395921e-08
3.602062800268020675e-08
3.598620952567461523e-08
3.593320616512499776e-08
3.585268302999405708e-08
3.575207168922364267e-08
3.562845074593602895e-08
3.548134855500153399e-08
3.531076667603743238e-08
3.511620667983491787e-08
3.489770449869079741e-08
3.465494207319106778e-08
3.438820114771323972e-08
3.409690580154731473e-08
3.378173915323157272e-08
3.344324461509760026e-08
3.308009445837993873e-08
3.269414666501097502e-08
3.228547449236348344e-08
3.185447361859272456e-08
3.140176184449580445e-08
3.092713632382847779e-08
3.043399306073156831e-08
2.992059860592778288e-08
2.938882997482548074e-08
2.883959908987632020e-08
2.826179007224742488e-08
2.769337940702621810e-08
2.709884366578775176e-08
2.649195977502774190e-08
2.587362142157174775e-08
2.524580415180300507e-08
2.460975821651411402e-08
2.396694580864481303e-08
2.331915479444377648e-08
2.266781164176652731e-08
2.201453016674447871e-08
2.136101825797968748e-08
2.070876748656507214e-08
2.005933893935834707e-08
1.941437122403775300e-08
1.877519396378587397e-08
1.814329886297790716e-08
1.751982951829917171e-08
1.690611216731058850e-08
1.630325544813155782e-08
1.571205951697719331e-08
1.513350443278089229e-08
1.456819916315707190e-08
1.401774599848727885e-08
1.347973476108030062e-08
1.295715855237453435e-08
1.244947619782609070e-08
1.195654363288630984e-08
1.147833266937847232e-08
1.101474125397051899e-08
1.056543572270740539e-08
1.013008179713826940e-08
9.708307400407661435e-09
9.299628918382427857e-09
8.903629329740392990e-09
8.519856691140639386e-09
8.147861680627081139e-09
7.787297927344137152e-09
7.437824622302395372e-09
7.099212059167593269e-09
6.771276519395145701e-09
6.453930100488876455e-09
6.147151810046584137e-09
5.850878742830073701e-09
5.565534536445581614e-09
5.290920139647507289e-09
5.027282729962486114e-09
4.774735923064443212e-09
4.533362309985116022e-09
4.303160367384804026e-09
4.084079289824790082e-09
3.875949090068718774e-09
3.678507677486823831e-09
3.491402807341613633e-09
3.314181940620589963e-09
3.146361278196631074e-09
2.987400323803901738e-09
2.836752936988366516e-09
2.693893887879945860e-09
2.558337601553363028e-09
2.429653792572996073e-09
2.307330673952436491e-09
2.191497754082228799e-09
2.081464186449994567e-09
1.977154806725390545e-09
1.878363816611221120e-09
1.784907893803129234e-09
1.696513252004379774e-09
1.613008835258579220e-09
1.534126888945890820e-09
1.459607952546570079e-09
1.389185225754259436e-09
1.322603255906892375e-09
1.259606601159268925e-09
1.199973438481052133e-09
1.143494479144703776e-09
1.089988574031468321e-09
1.039291447031395072e-09
9.912532224919439825e-10
9.457226576584659025e-10
9.025790858682812087e-10
8.616522686586676972e-10
8.228089146337975274e-10
7.859066752581111669e-10
7.508372352973842018e-10
7.173706976588484873e-10
6.857112750665044899e-10
6.554636838862399811e-10
6.266393536704395559e-10
5.991529487748790834e-10
5.729237380326865041e-10
5.478757808546864288e-10
5.239388194082520177e-10
5.010483599259890239e-10
4.791450043741555878e-10
4.581738453768752188e-10
4.380836993919865689e-10
4.188268926399047816e-10
4.003592496463022950e-10
3.826400316517876215e-10
3.656316833544145071e-10
3.492995490632901637e-10
3.336115312664232274e-10
3.185379303193104831e-10
3.040512915059197943e-10
2.901262243556675028e-10
2.767392062639576110e-10
2.638684211047319501e-10
2.514936158966582539e-10
2.395959316737291370e-10
2.281578200342568309e-10
2.171628898311246453e-10
2.065958181624818394e-10
1.964422197951732114e-10
1.866885638661881057e-10
1.773220624025421486e-10
1.683305809706942781e-10
1.597025650302568993e-10
1.514269621307878579e-10
1.434931689809852899e-10
1.358909659863804815e-10
1.286104763285491333e-10
1.216421185450915000e-10
1.149765702424110145e-10
1.086047333095872112e-10
1.025177057847572833e-10
9.670675864784940414e-11
9.116331287569463670e-11
8.587892817368439916e-11
8.084528162871489069e-11
7.605416362716380795e-11
7.149746868863717618e-11
6.716719037673306950e-11
6.305541912928255094e-11
5.915434194000467711e-11
5.545624286852358781e-11
5.195350624790730927e-11
4.863861991378289145e-11
4.550418075569402953e-11
4.254289954467488036e-11
3.974760750798397663e-11
3.711126282565748212e-11
3.462695724007541000e-11
3.228792302999499288e-11
3.008753950125095655e-11
2.801934006916861426e-11
2.607701777607508945e-11
2.425443166980204251e-11
2.254561192100149454e-11
2.094476470771125070e-11
1.944627615887633501e-11
1.804471603130501378e-11
1.673484061544202997e-11
1.551159083369624330e-11
1.437010886172730890e-11
1.330571575569809579e-11
1.231392701427432393e-11
1.139044775093192772e-11
1.053117146680457711e-11
9.732177978468855690e-12
8.989730668272307323e-12
8.300273442670901190e-12
7.660427184333406300e-12
7.066985478804253896e-12
6.516910182574610450e-12
6.007326773198155225e-12
5.535519100045871477e-12
5.098924023787137287e-12
4.695126047564079667e-12
4.321851612533273753e-12
3.976957995163645914e-12
3.658449096385946033e-12
3.364436737029186693e-12
3.093157195048417405e-12
2.842959757600084266e-12
2.612301157372668013e-12
2.399739912027283629e-12
2.203930880920561775e-12
2.023620067196062110e-12
1.857639436526522144e-12
1.704901907077583929e-12
1.564396624943299908e-12
1.435184372233905054e-12
1.316386500288767830e-12
1.207207668380856848e-12
1.106890598718326944e-12
1.014740316033866790e-12
9.301133175447704424e-13
8.524141737955303009e-13
7.810922345523723168e-13
7.156385331761480442e-13
6.555829185154193615e-13
6.004913166992452354e-13
5.499631404828046100e-13
5.036214667154924031e-13
4.611411178095732236e-13
4.222000582697331121e-13
3.865090911051789677e-13
3.538019328461751185e-13
3.238334742692244314e-13
2.963781735932802642e-13
2.712158132604589697e-13
2.481822433933971483e-13
2.270881940874402248e-13
2.077725327712159480e-13
1.900872320499057838e-13
1.738963414642674804e-13
1.590750241554160259e-13
1.455086826251195846e-13
1.330921493348600209e-13
1.217289203925045918e-13
1.113229167826343484e-13
1.018086794036098670e-13
9.310351389944214655e-14
8.513915912813498977e-14
7.785304763940378960e-14
7.118142400236518344e-14
6.508374806988347667e-14
5.950516890171161274e-14
5.440301494260507466e-14
4.973690341900336915e-14
4.546905194949239916e-14
4.156630150321369302e-14
3.799731392807012893e-14
3.473350137788995309e-14
3.174932668031476037e-14
2.902034658121636330e-14
2.652488928433039230e-14
2.424394301020641445e-14
2.215777485515687707e-14
2.025059371088913547e-14
1.850658071455032022e-14
1.691226772565881739e-14
1.545493411733273004e-14
1.412229211869627618e-14
1.290423448397605956e-14
1.179068754287259947e-14
1.077250167429597745e-14
9.841668945505583153e-15
8.990947902059680594e-15
8.213008522265700013e-15
7.501799394245260338e-15
6.851815960175965005e-15
6.257437751708442947e-15
5.714229300458526085e-15
5.217457195293849005e-15
4.763434029167157971e-15
4.348269794252672611e-15
3.968649899716945985e-15
3.621596834056338649e-15
3.304310624775239458e-15
3.014236771073204277e-15
2.748906175786691766e-15
2.506365914039145414e-15
2.284545543493020504e-15
2.081667106410359733e-15
1.896227444354763564e-15
1.726602842111371199e-15
1.571464634111465981e-15
1.429602019251638848e-15
1.299860568871589972e-15
1.181170873450468590e-15
1.072611291085006047e-15
9.733197509200258461e-16
8.825030374399088045e-16
7.994274515929480301e-16
