# bin_3_3
1.542940952385092435e-08
1.549102559143174005e-08
1.554897539479631056e-08
1.562307795257667542e-08
1.569261454552870400e-08
1.576458781413616281e-08
1.583902093418693015e-08
1.591607534823172450e-08
1.599581438414404301e-08
1.607830014764319600e-08
1.616361219866624122e-08
1.625183196174636248e-08
1.634304255294905671e-08
1.643732909571610529e-08
1.653477705118968232e-08
1.663547293890092441e-08
1.676487994265134615e-08
1.684696465934164321e-08
1.695793870482277799e-08
1.707251742179721344e-08
1.719079058080073197e-08
1.731284341576720130e-08
1.743878789977266602e-08
1.756883836167400059e-08
1.770275174465391437e-08
1.784074448439691231e-08
1.798314552412067072e-08
1.812989710095920477e-08
1.828449477828616717e-08
1.843680810280080539e-08
1.859711690589631570e-08
1.876212876480600029e-08
1.893193057449855584e-08
1.910638786500823058e-08
1.928623420138942850e-08
1.947089635081427196e-08
1.966067059252950429e-08
1.985564436222098231e-08
2.005584512768888466e-08
2.026137715646552378e-08
2.047231859064721631e-08
2.068913581546073467e-08
2.091075652430715352e-08
2.113825043866759419e-08
2.137134552872758154e-08
2.160394196301960442e-08
2.185449582109169700e-08
2.210403043525616191e-08
2.236048447552084077e-08
2.262202045073981685e-08
2.288931857777118830e-08
2.316454355583752795e-08
2.344120232136487538e-08
2.372551570754786722e-08
2.401557708086826929e-08
2.431598371325974551e-08
2.461250018031153599e-08
2.491920132097540706e-08
2.523124497441401467e-08
2.554862691159237830e-08
2.587128878978085513e-08
2.619865319959855321e-08
2.653706404865209536e-08
2.686870928007576236e-08
2.720966962724335298e-08
2.755701459477724568e-08
2.790760102879477853e-08
2.826221098459548459e-08
2.862042501216383385e-08
2.898302530419828768e-08
2.934744020051181573e-08
2.971547578222073661e-08
3.008611399721630446e-08
3.045902925110992603e-08
3.083254736914537587e-08
3.121033800551576747e-08
3.158787278920394686e-08
3.196635843486973744e-08
3.234484136280717556e-08
3.272329904387661168e-08
3.310116947754263450e-08
3.347788203283741514e-08
3.385280085036393863e-08
3.422559081014889745e-08
3.459517642104141980e-08
3.497470852197304901e-08
3.532475408838571223e-08
3.568069410681101553e-08
3.603540330739925227e-08
3.638211963439283931e-08
3.672206166885054636e-08
3.705616662194769032e-08
3.737945827332096909e-08
3.769522721714257110e-08
3.800143247199709523e-08
3.829720167128483054e-08
3.858199734079365114e-08
3.885457967615518828e-08
3.911485290529259698e-08
3.936101636575990027e-08
3.959305760121778959e-08
3.981006933646259890e-08
4.001083259142659355e-08
4.019494225938086265e-08
4.036143847530087897e-08
4.050948449959497885e-08
4.063831926884565890e-08
4.074317182242157898e-08
4.083539942782247101e-08
4.090208180215341668e-08
4.094625107106884901e-08
4.097066581021327785e-08
4.096621211783257882e-08
4.094013719137049985e-08
4.088931976107172473e-08
4.081308393202450407e-08
4.071122181577803438e-08
4.059939881046565440e-08
4.042828311672006545e-08
4.024646845088191661e-08
4.003762198019997904e-08
3.980090970992839695e-08
3.953678037176370812e-08
3.924552105779901602e-08
3.892556743772826860e-08
3.857852886125982445e-08
3.820423288874058191e-08
3.780284906185465965e-08
3.737476303440564722e-08
3.691954200479145558e-08
3.644038960766376139e-08
3.593534820567512637e-08
3.540611175148705361e-08
3.485341683524580359e-08
3.426584505832206726e-08
3.368165007869357384e-08
3.306477462369107766e-08
3.242903958840692951e-08
3.177525977252488997e-08
3.110537557394314256e-08
3.042061913190125354e-08
2.972246693368993278e-08
2.900979611969801842e-08
2.829298084736061422e-08
2.756487663198354326e-08
2.683029493607864617e-08
2.609092154467335636e-08
2.534855065668759386e-08
2.460510125948720012e-08
2.386223249632132452e-08
2.312182068564445014e-08
2.238544400558608719e-08
2.165492326750420439e-08
2.093190154635220230e-08
2.021773784355459818e-08
1.951399639664094270e-08
1.882187336048368697e-08
1.814356968828151460e-08
1.747724346984323963e-08
1.682647761167612217e-08
1.619127844062987615e-08
1.557206416294198698e-08
1.496918125940976406e-08
1.438311010928280696e-08
1.381389410881369030e-08
1.326156220216161085e-08
1.272604040504318180e-08
1.220706275287335980e-08
1.170435020137565355e-08
1.121748958167009719e-08
1.074598641418165893e-08
1.028939460368739290e-08
9.847150771804273830e-09
9.418774135147111641e-09
9.003777479066549474e-09
8.601736322692815202e-09
8.212281270880785399e-09
7.835006026194486225e-09
7.470037536313199540e-09
7.116911298861236979e-09
6.775699153441092667e-09
6.446425745113354771e-09
6.129183960106221142e-09
5.824087943302615190e-09
5.531286014159129512e-09
5.250907060976782171e-09
4.983036262886797138e-09
4.727702570675337749e-09
4.484826707974826255e-09
4.254262709363786879e-09
4.035730355826214166e-09
3.828843138248683811e-09
3.633116604169782844e-09
3.447978626717363328e-09
3.272801579663457966e-09
3.107052799074031276e-09
2.949726028178671338e-09
2.800582663552440589e-09
2.658986074639916830e-09
2.524484235768114435e-09
2.396746016284729108e-09
2.275452171450811499e-09
2.160444648465546742e-09
2.051527074166760026e-09
1.948521319683154562e-09
1.851221583086830579e-09
1.759388793912065144e-09
1.672727242132465396e-09
1.590922869510120364e-09
1.513637094546503338e-09
1.440548846428664869e-09
1.371366190121201167e-09
1.305842331200458426e-09
1.243764959768750930e-09
1.184993467059547053e-09
1.129332901649006638e-09
1.076636087204891850e-09
1.026724060127802960e-09
9.794397005636259682e-10
9.345845635760950780e-10
8.920024938766225228e-10
8.515436787618022256e-10
8.130994453938913343e-10
7.765394774837960358e-10
7.416756223179411220e-10
7.086532982288764884e-10
6.771141980432775291e-10
6.470455359899622271e-10
6.183591595535342314e-10
5.909749861321478915e-10
5.648180878504614639e-10
5.398174703903924428e-10
5.159068955126055345e-10
4.930254801884834722e-10
4.711171504671378886e-10
4.501298254080804787e-10
4.300148793117629016e-10
4.107273291815263775e-10
3.922258758231047600e-10
3.744723527606231412e-10
3.574312604561729477e-10
3.410697222369511848e-10
3.253573938201644042e-10
3.102661290660598714e-10
2.957697612338576733e-10
2.818439136504137277e-10
2.684659048844278881e-10
2.556145958913243910e-10
2.432702751979434555e-10
2.314145097994299864e-10
2.200300179653718277e-10
2.091005544773970060e-10
1.986107876535014236e-10
1.885462046743516697e-10
1.788930075979800830e-10
1.696380395453592802e-10
1.607687070317602081e-10
1.522729164673338958e-10
1.441390144301241140e-10
1.363557368444510601e-10
1.289121649393074578e-10
1.217976828204350855e-10
1.150019483546899062e-10
1.085148554381757812e-10
1.023265148126530344e-10
9.642723099667463806e-11
9.080748456262504253e-11
8.545791859864930639e-11
8.036932820048621032e-11
7.553265187321416546e-11
7.093896678072392661e-11
6.657948500231172204e-11
6.244555314484002313e-11
5.852865199647971416e-11
5.482039887814886606e-11
5.131255063576783964e-11
4.799700740929952006e-11
4.486581745092821631e-11
4.191118202657586984e-11
3.912546146027010041e-11
3.650118000875896318e-11
3.403103213442041573e-11
3.170788782345519907e-11
2.952479802185750696e-11
2.747499941284976010e-11
2.555191919465189402e-11
2.374917929615180068e-11
2.206059591358117231e-11
2.048019774099487507e-11
1.900220529662290164e-11
1.762104822973213843e-11
1.633136225060323406e-11
1.512798969410818301e-11
1.400597919132196984e-11
1.296058456501855726e-11
1.198726338653225956e-11
1.108167493590628630e-11
1.023967725352928834e-11
9.457323920423651714e-12
8.730860503215712396e-12
8.056720187517986061e-12
7.431519134957828944e-12
6.852051705362820566e-12
6.315285150176199437e-12
5.818348708645052595e-12
5.358549509241438040e-12
4.933333760210734936e-12
4.540303066985124845e-12
4.177202623000199097e-12
3.841915194901997338e-12
3.532454863075151785e-12
3.246960892099595793e-12
2.983691793911340415e-12
2.741019313151214471e-12
2.517422516420823812e-12
2.311482147197865687e-12
2.121875072233422776e-12
1.947362193786451835e-12
1.786810238605257159e-12
1.639145422410720435e-12
1.503376720903350383e-12
1.378584011717559905e-12
1.263913689600234316e-12
1.158574387637393254e-12
1.061832917430021690e-12
9.730104764302964376e-13
8.914790064030625284e-13
8.166577228278699325e-13
7.480024321812782770e-13
6.850329043723914131e-13
6.272833491163794003e-13
5.743314729268876579e-13
5.257878336667768716e-13
4.812934325992774097e-13
4.405174747178302668e-13
4.031416624076834702e-13
3.689139336574941658e-13
3.375612909797583124e-13
3.088462749108272765e-13
2.825505172327362260e-13
2.584732765692901930e-13
2.364300585456309911e-13
2.162513608876876778e-13
1.977815102937794344e-13
1.808775571169722819e-13
1.654010178278186629e-13
1.512465955024157162e-13
1.382958753853770740e-13
1.264475026062789243e-13
1.156085298274754119e-13
1.056872576792046298e-13
9.661768518269646505e-14
8.832143091702361888e-14
8.073431765633850763e-14
7.379623667639214234e-14
6.745131778812199048e-14
6.164983905896411371e-14
5.634556527917198427e-14
5.149514070481548059e-14
4.706115669939248904e-14
4.300721417215863208e-14
3.930096462611913753e-14
3.591363281339322135e-14
3.281652221239503123e-14
2.998566529987584714e-14
2.739774493381415437e-14
2.503244576939966572e-14
2.287077856175435084e-14
2.089471207033200187e-14
1.908893179927516977e-14
1.743847590812520665e-14
1.592989254457712414e-14
1.455113710689140264e-14
1.329110789626797037e-14
1.213970934064056878e-14
1.108723482110046967e-14
1.012575989385999413e-14
9.246563635509751911e-15
8.443411901851697270e-15
7.709353185312802232e-15
7.038438173412273436e-15
6.425302066807222081e-15
5.864973366976227234e-15
5.352750240508976224e-15
4.884707494976408430e-15
4.456968182241427424e-15
4.065922770854714130e-15
3.708585990180740370e-15
3.381935322478763411e-15
3.083391154785921280e-15
2.810501344792107904e-15
2.561015029045133630e-15
2.332973097974166893e-15
2.124502987538342549e-15
1.933986652261694101e-15
1.759762470666022415e-15
1.600457992527889728e-15
1.454852471686997696e-15
1.321695429544129899e-15
1.199993840268547677e-15
