# bin_4_4
1.657817529238269482e-08
1.664666944137321572e-08
1.671175084451927846e-08
1.679327874358382029e-08
1.687051475248278194e-08
1.695048202361469064e-08
1.703319813143838521e-08
1.711888535031899887e-08
1.720756922956602511e-08
1.729934044056803841e-08
1.739429104735416462e-08
1.749251540528285606e-08
1.759410999446828316e-08
1.769917375496393418e-08
1.780780641782198767e-08
1.792010924207930912e-08
1.806160076294926184e-08
1.815614293705066849e-08
1.828008396734341818e-08
1.840811582259066217e-08
1.854034554633034165e-08
1.867688215526926333e-08
1.881783713315747150e-08
1.896346465383174133e-08
1.911353212413342752e-08
1.926827700453256248e-08
1.942804918807491708e-08
1.959281209483652369e-08
1.976607875734095421e-08
1.993775460851738690e-08
2.011812933818987513e-08
2.030393879202011721e-08
2.049529433921462650e-08
2.069208560628437410e-08
2.089507503967198278e-08
2.110371276345271475e-08
2.131832320530663148e-08
2.153902161129736358e-08
2.176586384629786211e-08
2.199898331180287171e-08
2.223889295111014878e-08
2.248487485033979569e-08
2.273710206069254091e-08
2.299627167720277179e-08
2.326214381007127431e-08
2.352861623777857458e-08
2.381428463368045074e-08
2.410009903149660833e-08
2.439407221496454410e-08
2.469439771950688623e-08
2.500176499995399123e-08
2.531844809228224047e-08
2.563793805902178626e-08
2.596648901782841507e-08
2.630224240032687602e-08
2.664995408896379995e-08
2.699506242685612049e-08
2.735204403219723422e-08
2.771597328874286720e-08
2.808688390637763501e-08
2.846475406690300135e-08
2.884904766499218398e-08
2.924615563150475116e-08
2.963826416045214943e-08
3.004151554149731010e-08
3.045308097890984324e-08
3.086971783863786170e-08
3.129231822493686048e-08
3.172050446562679337e-08
3.215507561485176653e-08
3.259349244789770565e-08
3.303758790776236917e-08
3.348637183896848092e-08
3.393954393455411024e-08
3.439543745223013114e-08
3.485778962104812614e-08
3.532204310641899013e-08
3.578943462231456017e-08
3.625902533202369895e-08
3.673079867078126778e-08
3.720419871147549215e-08
3.767865574732009170e-08
3.815353057260232027e-08
3.862908465691741635e-08
3.910241524339913762e-08
3.958854431701496292e-08
4.004719321383411589e-08
4.051393809602935088e-08
4.098151576692428701e-08
4.144315345621806824e-08
4.190000849622834994e-08
4.235295918075716079e-08
4.279698003137475177e-08
4.323527141534800558e-08
4.366571752729482575e-08
4.408735582656626914e-08
4.449954932587208374e-08
4.490093217222757744e-08
4.529134570254674788e-08
4.566880933004501694e-08
4.603318305238091593e-08
4.638341198708758306e-08
4.671811811856916063e-08
4.703672185656615748e-08
4.733808023046537880e-08
4.762116069065274327e-08
4.788499432489853826e-08
4.812458655776886926e-08
4.835108033540230263e-08
4.855129355448055867e-08
4.872801017777307254e-08
4.888374218749200681e-08
4.900903226570776626e-08
4.911090429352358916e-08
4.918591315958949404e-08
4.922727531043060666e-08
4.925185518147724571e-08
4.925773042980217614e-08
4.920061754682214876e-08
4.912917499754068179e-08
4.902658279929874827e-08
4.889163063040793028e-08
4.872441073785113993e-08
4.852484659821847149e-08
4.829092963521034186e-08
4.802393865281589641e-08
4.771599808859719248e-08
4.738873922180588181e-08
4.702031913699566049e-08
4.661720046124793084e-08
4.618224821755135572e-08
4.571311865921068198e-08
4.521118502246481234e-08
4.467686124317710651e-08
4.409825320101927530e-08
4.351382473229864720e-08
4.288678136322219202e-08
4.223088282493396176e-08
4.154673139848483521e-08
4.083612612634609097e-08
4.010017146809398460e-08
3.934037271973032713e-08
3.855522848204723448e-08
3.775551457625153031e-08
3.693398275481174471e-08
3.609557132140162918e-08
3.524215093548538883e-08
3.437574353620089002e-08
3.349854826368188843e-08
3.261257614471322267e-08
3.172010843975634201e-08
3.082317238588730563e-08
2.992412224938350948e-08
2.902518959662358214e-08
2.812831334873218220e-08
2.723599603290661975e-08
2.635002403456164292e-08
2.547352096181613178e-08
2.460548137692185172e-08
2.375044576719101664e-08
2.290931254191855434e-08
2.208340107841451719e-08
2.127386650267767752e-08
2.048217793269848915e-08
1.970900756513923122e-08
1.895515068731049029e-08
1.822123161473908719e-08
1.750756127548759554e-08
1.681440947176028621e-08
1.614182021840143556e-08
1.548966256299287912e-08
1.485775140969258968e-08
1.424566416033552940e-08
1.365294606349776953e-08
1.307902111554662069e-08
1.252327346046047079e-08
1.198505387896755824e-08
1.146359556922744961e-08
1.095865398738512304e-08
1.046930151607862703e-08
9.995179361018468875e-09
9.535888650897363810e-09
9.091139057235142650e-09
8.660748415686690987e-09
8.244636526517549590e-09
7.842831680435170553e-09
7.455435336371599102e-09
7.082614680823651417e-09
6.724550321737327529e-09
6.381447835911993193e-09
6.053451616056513414e-09
5.740647058308953063e-09
5.443016828743763523e-09
5.160423290625838881e-09
4.892585289581115598e-09
4.639211087276595354e-09
4.399355320089474299e-09
4.172729176611356590e-09
3.958461499506234034e-09
3.755732454977599631e-09
3.563751165913794221e-09
3.381704372462196816e-09
3.208946061857474177e-09
3.044875764539658675e-09
2.889023435746394138e-09
2.741024970533967961e-09
2.600615487856170395e-09
2.467567242674538480e-09
2.341691208509999789e-09
2.222761133378734348e-09
2.110530057126735212e-09
2.004671171415110717e-09
1.904826289687176571e-09
1.810590708570401024e-09
1.721615212277728319e-09
1.637476541849625386e-09
1.557863159162939386e-09
1.482484544849265476e-09
1.411127007676495138e-09
1.343569973276160294e-09
1.279621242097908823e-09
1.219086336029762817e-09
1.161789640676945201e-09
1.107507753854222567e-09
1.056047822727964832e-09
1.007221616793331311e-09
9.608597814590913667e-10
9.168131941049555524e-10
8.749481042854637045e-10
8.351392113402134029e-10
7.972642362578902912e-10
7.612036216141841465e-10
7.268443531261820789e-10
6.940834727324169242e-10
6.628279913855987831e-10
6.329924213466353848e-10
6.044959536388443209e-10
5.772620627465243960e-10
5.512197716991357818e-10
5.263040077612112791e-10
5.024548193238128568e-10
4.796164438174716210e-10
4.577369007164600655e-10
4.367680754603615164e-10
4.166656517653772678e-10
3.973885181584972610e-10
3.788984327434187829e-10
3.611599122089923751e-10
3.441400549365223662e-10
3.278082124770305149e-10
3.121357761143555083e-10
2.970960501351045158e-10
2.826641028301548300e-10
2.688166284446950380e-10
2.555317862184213113e-10
2.427890631028878568e-10
2.305691292748325870e-10
2.188537116613247240e-10
2.076254768158535733e-10
1.968679285808315248e-10
1.865653179185582593e-10
1.767025589030861285e-10
1.672651625792297279e-10
1.582391660617021527e-10
1.496110831600030960e-10
1.413678535163576942e-10
1.334967993569336024e-10
1.259855884886413680e-10
1.188222022334751669e-10
1.119949070235300974e-10
1.054922317120861505e-10
9.930294757128383463e-11
9.341605342206619508e-11
8.782076227401130752e-11
8.250649241633482582e-11
7.746286056591771611e-11
7.267967713349830650e-11
6.814694387116250824e-11
6.385485275719022492e-11
5.979378713228144695e-11
5.595432251990168327e-11
5.232722988833075198e-11
4.890347864204579607e-11
4.567424046154153408e-11
4.263089309932244950e-11
3.976502475147859912e-11
3.706843835077298673e-11
3.453315153250705685e-11
3.215141569821423972e-11
2.991569646315376856e-11
2.781869228982990342e-11
2.585333291167746191e-11
2.401278157473105997e-11
2.229043645684784020e-11
2.067993130506585668e-11
1.917513579746668043e-11
1.777015530635184843e-11
1.645932961634968169e-11
1.523723132876651931e-11
1.409866387449692257e-11
1.303865851782405436e-11
1.205247094424045083e-11
1.113557761657577165e-11
1.028367139979336352e-11
9.492651368014880520e-12
8.758639331907990012e-12
8.077941393971276879e-12
7.447064473371800113e-12
6.862704517334025334e-12
6.321740372253447240e-12
5.821227185945512168e-12
5.358389790179908099e-12
4.930616168570741577e-12
4.535450673105184895e-12
4.170587205785358459e-12
3.833862590391286504e-12
3.523249927466351193e-12
3.236845285706368693e-12
2.972888305953996467e-12
2.729714463901156150e-12
2.505777036291288548e-12
2.299633825957425767e-12
2.109941378033176169e-12
1.935449267167833285e-12
1.774994600611828222e-12
1.627496816179363847e-12
1.491952635785080336e-12
1.367431202800437782e-12
1.253062021476776522e-12
1.148061127257400025e-12
1.051680099385213030e-12
9.632339932171830079e-13
8.820894746419224092e-13
8.076612562206820735e-13
7.394087503609993727e-13
6.768161895512171368e-13
6.194581242859889397e-13
5.668917199194995987e-13
5.187256676511005283e-13
4.745994651504069529e-13
4.341811484054876765e-13
3.971651330345206285e-13
3.632702401606589154e-13
3.322378659324060295e-13
3.038302318736198760e-13
2.778227083883029484e-13
2.540271673185149880e-13
2.322525421094879404e-13
2.123294787848366751e-13
1.941025225795315408e-13
1.774225370104054734e-13
1.621707434914314183e-13
1.482203163629335386e-13
1.354626192951339679e-13
1.237967328911175443e-13
1.131293383909247413e-13
1.033763843898870601e-13
9.446015182641853527e-14
8.630823812306019535e-14
7.885680175058472369e-14
7.204638142563757039e-14
6.582062937785549831e-14
6.013138540581629188e-14
5.493117919508070272e-14
5.017901494018701482e-14
4.583596720519710766e-14
4.186745316726265126e-14
3.824142230907420631e-14
3.492788089457282208e-14
3.190059391447915580e-14
2.913481391349112986e-14
2.660697670692572041e-14
2.429837638053671580e-14
2.218875186797698864e-14
2.026171161753951892e-14
1.850102026500878019e-14
1.689292933650148460e-14
1.542335488358064040e-14
1.408121017891169998e-14
1.285507400363557762e-14
1.173492431034125275e-14
1.071161930645212611e-14
9.776963690495418397e-15
8.922968952861709793e-15
8.142940154300470210e-15
7.430406495731464784e-15
6.779385823424420602e-15
6.184739197715883757e-15
5.641464569722039273e-15
5.145182639532056424e-15
4.691793421083523958e-15
4.277514348633207337e-15
3.899094797905900828e-15
3.553329078207844363e-15
3.237484855111385400e-15
2.948847902117679515e-15
2.685159057381333433e-15
2.444133930102493365e-15
2.223918076211159848e-15
2.022732621409931447e-15
