# bin_3_2
1.428873696116538594e-08
1.434466487703371688e-08
1.439562903878812800e-08
1.446247854271991915e-08
1.452448594059770775e-08
1.458864332671978626e-08
1.465496340960158444e-08
1.472361069077359767e-08
1.479459514689823842e-08
1.486800941852066081e-08
1.494390701129224106e-08
1.502235694571124810e-08
1.510342953091801539e-08
1.518719666107160695e-08
1.527373015000219450e-08
1.536310243632951728e-08
1.545538811698099365e-08
1.555066095240440066e-08
1.564899496159758595e-08
1.575046361312977926e-08
1.585514027551708052e-08
1.596309328722681631e-08
1.607441719918105432e-08
1.618930841835059751e-08
1.630744251393523598e-08
1.642920602734409022e-08
1.655471924873960407e-08
1.668396748860819460e-08
1.682042148689573667e-08
1.695394250684383829e-08
1.709477589515612124e-08
1.723961129081447465e-08
1.738851282321122857e-08
1.754132269266276239e-08
1.769875061700826452e-08
1.786019890540544133e-08
1.802593886654454195e-08
1.819603238327997992e-08
1.837048091865699369e-08
1.854936213044634202e-08
1.873280518015820077e-08
1.892101406284534382e-08
1.911312360282454073e-08
1.931009612798085137e-08
1.951163077509518099e-08
1.971773929474537773e-08
1.992842477030332060e-08
2.014310367112508564e-08
2.036354238450053713e-08
2.058787330235989312e-08
2.081674523837370129e-08
2.105229023272507693e-08
2.128787812493496016e-08
2.153002306149099765e-08
2.177646563691450195e-08
2.203175305129415042e-08
2.228196389089059477e-08
2.254080903205282370e-08
2.280352398705445538e-08
2.307007371477643628e-08
2.334036943812207554e-08
2.361380461295623529e-08
2.389667651717144560e-08
2.417119507016189744e-08
2.445336450541410164e-08
2.474024213549975426e-08
2.502866186168236863e-08
2.531933325633301500e-08
2.561195811129952823e-08
2.590715294757538135e-08
2.620237988172068387e-08
2.649940095932615288e-08
2.679724762582612507e-08
2.709552176633836440e-08
2.739255922801175771e-08
2.769202284035548988e-08
2.798938070150866886e-08
2.828583851890117206e-08
2.858044818004222203e-08
2.887319208430725871e-08
2.916352006574201037e-08
2.945087717136197558e-08
2.973464803012800062e-08
3.001452262511306885e-08
3.028945696259696151e-08
3.057255598217592137e-08
3.082466991837795348e-08
3.108099449621875104e-08
3.133451999598164413e-08
3.157856463939809435e-08
3.181440965298664339e-08
3.204171157515884377e-08
3.225964643902614188e-08
3.246752849300123828e-08
3.264402737774719691e-08
3.285061702006190371e-08
3.302463974419496862e-08
3.318572873277805885e-08
3.333391528779632024e-08
3.346756857623962446e-08
3.358680752457461429e-08
3.369089755569422200e-08
3.377879546072042227e-08
3.385028073253751055e-08
3.390458880102509463e-08
3.394108847257708606e-08
3.395923350001798608e-08
3.395450934571667705e-08
3.393841350602036643e-08
3.389836320123882556e-08
3.383760620913533490e-08
3.375915776959718711e-08
3.365420597054445336e-08
3.353022920078262875e-08
3.338440580797797504e-08
3.321635157442844989e-08
3.302615636226864369e-08
3.281341222320371960e-08
3.257824419756706731e-08
3.232042309891200117e-08
3.204031725323431631e-08
3.173744153154759821e-08
3.141255845999061512e-08
3.106628666200415881e-08
3.069739368121854155e-08
3.030779089563991477e-08
2.989762989674010131e-08
2.946736444438765197e-08
2.901767118772221764e-08
2.854839819680684773e-08
2.806298007819547257e-08
2.755973614241614780e-08
2.704052323196771226e-08
2.650631120598001209e-08
2.595822988813508547e-08
2.539749471781291717e-08
2.482531721214273427e-08
2.424319240035860518e-08
2.365197957972406189e-08
2.305359290051125397e-08
2.244921800349550783e-08
2.184023631745492366e-08
2.122833974756962574e-08
2.061484657635477786e-08
2.000124586088487764e-08
1.938911374220991224e-08
1.877978790387443157e-08
1.817466870285047852e-08
1.757522444897819351e-08
1.698260060339522140e-08
1.639809846632546630e-08
1.582267251459754939e-08
1.525744902642842033e-08
1.470334243568125727e-08
1.416096827298500418e-08
1.363111861946209357e-08
1.311422922594588752e-08
1.261083503963251766e-08
1.212108943056504181e-08
1.164513429188051672e-08
1.118321444611670597e-08
1.073508417048270691e-08
1.030063257132135640e-08
9.879696912489288179e-09
9.471901101312080790e-09
9.076894145222839386e-09
8.694304168784039349e-09
8.323672548322649407e-09
7.964620634648960039e-09
7.616748181975316346e-09
7.279670481644306035e-09
6.953106367587105832e-09
6.636785666517109850e-09
6.330542291183074663e-09
6.034252296560972440e-09
5.747871179510761760e-09
5.471422413084316928e-09
5.204852317684348270e-09
4.948575297979340491e-09
4.702383793512090364e-09
4.466484775326567121e-09
4.240941783284357542e-09
4.025775138169620107e-09
3.820927384870073285e-09
3.626276304120185879e-09
3.441599181420771886e-09
3.266589955214995712e-09
3.100869012490465255e-09
2.943974702719645330e-09
2.795435067347204247e-09
2.654739618726166919e-09
2.521388445482061957e-09
2.394914589256173064e-09
2.274893833811924634e-09
2.160961679735437850e-09
2.052672336068865278e-09
1.950178708061998360e-09
1.852849162116695267e-09
1.760636756495881228e-09
1.673341449245273771e-09
1.590793863362551926e-09
1.512728880456431005e-09
1.438985411424435037e-09
1.369310852909385667e-09
1.303467119809602296e-09
1.241215268024202802e-09
1.182331521420971739e-09
1.126595088147856234e-09
1.073815756805370006e-09
1.023812454869870718e-09
9.764257069011182014e-10
9.315075515296580264e-10
8.889213916831380691e-10
8.485258261970405454e-10
8.102140761614256797e-10
7.738350469310722065e-10
7.392743801771202992e-10
7.064160681517969549e-10
6.751540419179923673e-10
6.453908567921803359e-10
6.170367840970373598e-10
5.900073892605214888e-10
5.642236353386964454e-10
5.396107077629469224e-10
5.160990900272172260e-10
4.936241162994024382e-10
4.721259451712517523e-10
4.515491768055191789e-10
4.318423444798417745e-10
4.129577563769280702e-10
3.948511670716824835e-10
3.774816683524347545e-10
3.608115229107526915e-10
3.448059192717069619e-10
3.294326727266363547e-10
3.146620152127353525e-10
3.004663837884390237e-10
2.868203206307575565e-10
2.737003002450606714e-10
2.610845393817015191e-10
2.489528187003581747e-10
2.372863517133200631e-10
2.260676799577403824e-10
2.152805234163879896e-10
2.049096966729469701e-10
1.949409713970265566e-10
1.853610057821749032e-10
1.761572254035476193e-10
1.673177509715032379e-10
1.588313052942374299e-10
1.506871404212947461e-10
1.428749763972517541e-10
1.353849348226580480e-10
1.282074953616945431e-10
1.213334399668352835e-10
1.147538204322595653e-10
1.084599194802347276e-10
1.024432222169511435e-10
9.669538853911340001e-11
9.120823146392780808e-11
8.597369975114580645e-11
8.098386038115203709e-11
7.623089207854102137e-11
7.170706819999026557e-11
6.740475641248302179e-11
6.331641286479851605e-11
5.943457999649804301e-11
5.575188682802208582e-11
5.226105073283806678e-11
4.895487972486714194e-11
4.582627707094514329e-11
4.286824566143700945e-11
4.007389437842576235e-11
3.743644356290583267e-11
3.494923193578838804e-11
3.260572325868895960e-11
3.039951294043359611e-11
2.832433482731963041e-11
2.637406738290193181e-11
2.454274031923549249e-11
2.282453961782645808e-11
2.121381326894822257e-11
1.970507572812366244e-11
1.829301208544840610e-11
1.697248127528495637e-11
1.573851899218954427e-11
1.458633983750223813e-11
1.351133469740980693e-11
1.250908664367485364e-11
1.157534788113177430e-11
1.070605468262535547e-11
9.897321990878935882e-12
9.145441659040464516e-12
8.446879918533723980e-12
7.798274251137947361e-12
7.196430017435947738e-12
6.638316642122219436e-12
6.121063169744824216e-12
5.641953714182769637e-12
5.198422739579297741e-12
4.788049829698077989e-12
4.408554401470688301e-12
4.057790445430959720e-12
3.733740993742309169e-12
3.434507250492910890e-12
3.158324615755652890e-12
2.903524292192701620e-12
2.668550141959436960e-12
2.451947592607637212e-12
2.252358434795726670e-12
2.068515559327096343e-12
1.899237919454991035e-12
1.743425735154400063e-12
1.600055731467879403e-12
1.468176554341339041e-12
1.346904459899277710e-12
1.235419136380950554e-12
1.132953063816845771e-12
1.038814621982777671e-12
9.523432871001975572e-13
8.729342275018848188e-13
8.000278579026035162e-13
7.331067973097643550e-13
6.716929266290511450e-13
6.153446313291446137e-13
5.636542516845647842e-13
5.162456518980767444e-13
4.727719259385536506e-13
4.329058663675577807e-13
3.963682524978518016e-13
3.628795868330833379e-13
3.321899700027716549e-13
3.040694124017022261e-13
2.783063075214785257e-13
2.547060244747294156e-13
2.330770725943916464e-13
2.132811083661640173e-13
1.951533090574498092e-13
1.785548315018638935e-13
1.633581651741734889e-13
1.494462368124526228e-13
1.367115734766607008e-13
1.250555430331219598e-13
1.143876511096745167e-13
1.046248765511073091e-13
9.568532314718263531e-14
8.750958756799125185e-14
8.002911775986850190e-14
7.318522890444065503e-14
6.692265576970249241e-14
6.119513884751561518e-14
5.595595953912693990e-14
5.116250303393158695e-14
4.677830657821749864e-14
4.276868367845485572e-14
3.910107609885671084e-14
3.574710312915628017e-14
3.267980895792406737e-14
2.987461892833330383e-14
2.730966673812366208e-14
2.496387703946901558e-14
2.281865678711568599e-14
2.085780598668214682e-14
1.906418236527892234e-14
1.742434870674258295e-14
1.592465060225610632e-14
1.455359196684554752e-14
1.330025918329529431e-14
1.215402363082305839e-14
1.110628501660713387e-14
1.014835564906731781e-14
9.272353155422584416e-15
8.471424591831283664e-15
7.739383274557419203e-15
7.069871925340552327e-15
6.457794201323134699e-15
5.898230832088150558e-15
5.386525297078539272e-15
4.918839229970940941e-15
4.491061730156229697e-15
4.100064840269006030e-15
3.742477831615851027e-15
3.415457018151834811e-15
3.116428090102631184e-15
2.843063087456299009e-15
2.593088640775080240e-15
2.364393217352752763e-15
2.155320474027405894e-15
1.964076894484929369e-15
1.789135257035225819e-15
1.629218413138095550e-15
1.482915225511295775e-15
1.349087530825590514e-15
1.226697790802696538e-15
1.114753364841997280e-15
1.012329996439948658e-15
9.186390945670183482e-16
8.329401813395709637e-16
7.545513117476178615e-16
6.828408072021642054e-16
