# bin_3_1
1.181228411196407210e-08
1.185407126118802329e-08
1.189036113308275299e-08
1.193517209760948701e-08
1.198818306154889967e-08
1.203589628306645422e-08
1.208524728485534350e-08
1.213624177044201067e-08
1.218892341527078930e-08
1.224332944033585615e-08
1.229952130816788302e-08
1.235753253566167237e-08
1.241740785839143275e-08
1.247919280965510922e-08
1.254293209048138131e-08
1.260867024297162390e-08
1.267645312140330099e-08
1.274632498192924011e-08
1.281832948318598755e-08
1.289250892386713587e-08
1.296889414102750609e-08
1.304755222247605065e-08
1.312851233288348133e-08
1.321194675795615055e-08
1.329749606619846124e-08
1.338551026013555996e-08
1.347607225702390994e-08
1.356912960228243671e-08
1.366809496871603010e-08
1.376284780953846119e-08
1.386353514666883695e-08
1.396682461123409601e-08
1.407273827108823994e-08
1.418107579358036449e-08
1.429250248408992495e-08
1.440637724688218131e-08
1.452292616839719417e-08
1.464216546961148649e-08
1.476405065341797430e-08
1.488861262402682154e-08
1.501593301744049978e-08
1.514616785715923183e-08
1.527840614911363212e-08
1.541355974594677798e-08
1.555128010933938168e-08
1.569153042531131483e-08
1.583426526173017619e-08
1.597885384733276695e-08
1.612701065186069680e-08
1.627682410461342379e-08
1.642889413530232690e-08
1.658529880806384488e-08
1.673938363788052611e-08
1.689759600024529918e-08
1.705763974110630601e-08
1.722372941670645997e-08
1.738277219605498480e-08
1.754752882959838981e-08
1.771361022570092232e-08
1.788082294435963614e-08
1.804908618089188569e-08
1.821776428007697185e-08
1.839306298836224200e-08
1.855735640487663648e-08
1.872644586492494461e-08
1.889742133065510244e-08
1.906711725932441307e-08
1.923623145176647678e-08
1.940446324918834310e-08
1.957242738337781758e-08
1.973760551341088349e-08
1.990176389661414890e-08
2.006395810390712649e-08
2.022381815856490309e-08
2.037972198296727113e-08
2.053535566126420805e-08
2.068625906637118291e-08
2.083368927495180807e-08
2.097677496981414218e-08
2.111557060246108473e-08
2.124961733091623650e-08
2.137836906895113195e-08
2.150159626093601665e-08
2.161883671231771768e-08
2.172927597077308930e-08
2.184587485845722347e-08
2.193049958559057224e-08
2.201768712449393318e-08
2.210084176307676151e-08
2.217353714523947078e-08
2.223725159557442821e-08
2.229191693440865249e-08
2.233680722837565487e-08
2.237164191383195216e-08
2.237670084362062485e-08
2.240959608477539221e-08
2.241212833627207035e-08
2.240287170114073431e-08
2.238218060143392703e-08
2.234881148472878504e-08
2.230321638574276535e-08
2.224505065116140668e-08
2.217368910964611284e-08
2.208925120739571678e-08
2.199154309530043052e-08
2.188008946232398621e-08
2.175502914542911288e-08
2.161231696523446941e-08
2.146364109963766766e-08
2.129717340930511129e-08
2.111653812901625157e-08
2.092518339074020207e-08
2.071495796678010934e-08
2.049367767701675648e-08
2.025907093010318440e-08
2.001129468919109458e-08
1.975078686786372139e-08
1.947775873279974114e-08
1.919275196185295361e-08
1.889595794336870968e-08
1.858802578679559912e-08
1.826950096818148252e-08
1.794083462531530863e-08
1.760321662010928521e-08
1.725576959357178273e-08
1.690063579570625430e-08
1.653822715526530341e-08
1.616913191038876456e-08
1.579418054539961136e-08
1.541336344587841841e-08
1.502997173985528791e-08
1.464239004336065048e-08
1.425232394252224329e-08
1.386056312069620008e-08
1.346797405306354055e-08
1.307549090279943787e-08
1.268392330396423164e-08
1.229422978397553415e-08
1.190683893762802613e-08
1.152300185153520895e-08
1.114322510766702613e-08
1.076820984867604029e-08
1.039597119067350385e-08
1.003523135954967972e-08
9.678269763914372187e-09
9.328413404213798968e-09
8.985985352678647058e-09
8.651311892691623713e-09
8.324789477397495730e-09
8.006515849633256754e-09
7.696694133756006113e-09
7.395428408205497132e-09
7.102734613950315579e-09
6.818633837790978399e-09
6.543050193049136508e-09
6.275889125366806684e-09
6.017009172568985077e-09
5.766240488134987352e-09
5.523390853957080420e-09
5.288192005983744245e-09
5.060603647884154715e-09
4.840239733953697987e-09
4.626955938295318094e-09
4.420562292273889674e-09
4.220903318718286615e-09
4.027827898351776754e-09
3.841247777939669471e-09
3.661091285304011267e-09
3.487320549411754311e-09
3.319935010911483465e-09
3.158933019415810496e-09
3.004372465640139936e-09
2.856273531396910679e-09
2.714678030248644382e-09
2.579580312894112059e-09
2.450947104583344087e-09
2.328698005469734919e-09
2.212686884951051398e-09
2.102711687398042122e-09
1.998513996712598121e-09
1.899796053758018398e-09
1.806226970249398907e-09
1.717472905911780593e-09
1.633217129478328938e-09
1.553168540947938057e-09
1.477077905618007424e-09
1.404740131738860010e-09
1.335991807557823329e-09
1.270686574096492565e-09
1.208713642131824493e-09
1.149956194105357157e-09
1.094296327596962177e-09
1.041611070746140998e-09
9.917667676651496101e-10
9.446239233917131499e-10
9.000351674358622312e-10
8.578507238599436080e-10
8.179164078218832493e-10
7.800935688041070646e-10
7.442359443525109713e-10
7.102216233925339754e-10
6.779406306226698759e-10
6.472965721315043873e-10
6.182048863294809124e-10
5.905738794113405100e-10
5.643303206486788961e-10
5.393940234969571748e-10
5.156811502842522178e-10
4.931191225402962261e-10
4.716338076008671356e-10
4.511598852074612670e-10
4.316347941379820512e-10
4.130028850185254337e-10
3.952116279968589957e-10
3.782124014308983514e-10
3.619593319963250032e-10
3.464100122513395299e-10
3.315246804077971692e-10
3.172663850254464092e-10
3.036005233727951950e-10
2.904947065546999379e-10
2.779187549030035027e-10
2.658450204760877946e-10
2.542481955428255924e-10
2.431051355344445900e-10
2.323943811022758943e-10
2.220959408419851257e-10
2.121912270729226501e-10
2.026630525912602544e-10
1.934955611818633807e-10
1.846740742276930506e-10
1.761849691935976659e-10
1.680156106549071872e-10
1.601542849178210498e-10
1.525900753100181796e-10
1.453127827535013124e-10
1.383128351287169807e-10
1.315812580454338923e-10
1.251096147794382986e-10
1.188899466990604141e-10
1.129146990823381326e-10
1.071766656774761525e-10
1.016689590198895542e-10
9.638495404291415387e-11
9.131827061633211690e-11
8.646271758700761264e-11
8.181228385223756055e-11
7.736109885267977857e-11
7.310342430459487277e-11
6.903362855981950843e-11
6.514617251378610219e-11
6.143559993622251651e-11
5.789652226060395366e-11
5.452361587773591635e-11
5.131160975532695465e-11
4.825528622571748093e-11
4.534947558194446136e-11
4.258905667217167963e-11
3.996895630865137908e-11
3.748415105612391512e-11
3.512967028254307642e-11
3.290059760718467755e-11
3.079208031189713192e-11
2.879932557062744826e-11
2.691761132447990292e-11
2.514228980782632431e-11
2.346879272609768257e-11
2.189263684777784078e-11
2.040942950925885304e-11
1.901487341994488490e-11
1.770477207445814852e-11
1.647503402899545950e-11
1.532167771190029940e-11
1.424083491615041996e-11
1.322875450840794107e-11
1.228180535513930414e-11
1.139647870929295451e-11
1.056939021888993164e-11
9.797281087969955571e-12
9.077019257723349030e-12
8.405599249490790382e-12
7.780142252797675983e-12
7.197895245062462736e-12
6.656229878736125351e-12
6.152640702495623623e-12
5.684743237650175407e-12
5.250271622147344603e-12
4.847072044279644022e-12
4.473114898933517119e-12
4.126468516917639078e-12
3.805311361585642354e-12
3.507924401382356912e-12
3.232687465090882938e-12
2.978075372298791954e-12
2.742654009793084287e-12
2.525076479993987399e-12
2.324079202419554860e-12
2.138477939413435175e-12
1.967163976931934587e-12
1.809100380667621686e-12
1.663318196694925137e-12
1.528912826634588670e-12
1.405040548169107359e-12
1.290915046020347525e-12
1.185798861694031446e-12
1.089021569017877307e-12
9.999440333178802264e-13
9.179777100188909220e-13
8.425761656978829103e-13
7.732324296231633491e-13
7.094764067324409426e-13
6.508724701255948395e-13
5.970172016971415825e-13
5.475371985343777291e-13
5.020870215454256083e-13
4.603472899414358985e-13
4.220228580794264348e-13
3.868345840095773129e-13
3.545443185199201881e-13
3.249126828854378619e-13
2.977254014259722402e-13
2.727848895650556107e-13
2.499090377159825349e-13
2.289300480939357960e-13
2.096933638883671834e-13
1.920566838922463540e-13
1.758890272917762233e-13
1.610698685361745581e-13
1.474810547324568388e-13
1.350358041801717123e-13
1.236324387647767441e-13
1.131848049057003781e-13
1.036137404144555748e-13
9.484651779328041655e-14
8.681633705256253368e-14
7.945068866961118220e-14
7.271653568003522468e-14
6.655000325847987812e-14
6.090365921137463770e-14
5.573398210026427994e-14
5.100104489473195062e-14
4.666822377095383477e-14
4.270193092300508978e-14
3.907136774372935659e-14
3.574829423578579476e-14
3.270052780429110207e-14
2.991597175869612626e-14
2.736758742730070565e-14
2.503546129756743668e-14
2.290103395608500223e-14
2.094805074193271152e-14
1.916071982640138251e-14
1.752559836102525031e-14
1.602898240909620280e-14
1.466028701610486633e-14
1.340743541077286520e-14
1.226144621769610133e-14
1.121307643437134829e-14
1.025372713650174267e-14
9.376080432115678228e-15
8.573076969208505699e-15
7.838707523441571734e-15
7.166666306190305150e-15
6.551888767456808168e-15
5.989468579795224465e-15
5.474952229923597188e-15
5.004292571775131335e-15
4.573604630060502439e-15
4.179572067617957794e-15
3.819235194141542817e-15
3.489506695015325970e-15
3.187836497262120165e-15
2.911863501020892221e-15
2.659326148735502578e-15
2.428356932982222428e-15
2.216955042703041499e-15
2.023566277202140858e-15
1.846618328584645409e-15
1.684680314314346493e-15
1.536509946944027009e-15
1.400932203098813136e-15
1.276886611460716725e-15
1.163320964182156308e-15
1.059413719259878188e-15
9.643041118500554882e-16
8.773008110690450002e-16
7.975763139318149932e-16
7.246793038670274177e-16
6.579324972527068657e-16
5.968616029211562781e-16
5.409636532741359797e-16
4.898164530826738528e-16
4.430237288947784267e-16
4.002297699150736403e-16
3.610750731216838178e-16
3.252799077222089520e-16
2.925605470020801327e-16
2.626694723921428772e-16
2.353604587451841114e-16
2.104396343243514228e-16
