# bin_4_1
1.201849817058675822e-08
1.206143078715505930e-08
1.209890379771826409e-08
1.214494895557699231e-08
1.219924272311011129e-08
1.224828244277555650e-08
1.229900927732487619e-08
1.235143062252831941e-08
1.240559192190504393e-08
1.246153221569359562e-08
1.251931483867271252e-08
1.257897523190672366e-08
1.264056010911147971e-08
1.270411703855675617e-08
1.276969280840092162e-08
1.283733410252877884e-08
1.290708897743121040e-08
1.297900394182392387e-08
1.305312496660375038e-08
1.312949671625403864e-08
1.320815244461947103e-08
1.328916172670781837e-08
1.337255625688571780e-08
1.345851094226485085e-08
1.354666888212518529e-08
1.363738286878309166e-08
1.373073855830860329e-08
1.382668627128552974e-08
1.392863935683598291e-08
1.402648663475179207e-08
1.413037158163099946e-08
1.423696695773552401e-08
1.434629783882257940e-08
1.445816646937540431e-08
1.457324261996331962e-08
1.469088689992723888e-08
1.481132898029956550e-08
1.493458823164124875e-08
1.506062327824296847e-08
1.518946818633501424e-08
1.532120777639710142e-08
1.545600128253033422e-08
1.559294054530515393e-08
1.573294081929088452e-08
1.587565653402185658e-08
1.602105390383354602e-08
1.616909046493855160e-08
1.631913772251996700e-08
1.647291487727582227e-08
1.662851117167514469e-08
1.678652983107888857e-08
1.694904639939635668e-08
1.710942390208098691e-08
1.727409683102990467e-08
1.744077615083013968e-08
1.761372609264996603e-08
1.777971219753745549e-08
1.795163999273803774e-08
1.812507387974177496e-08
1.829982137280925083e-08
1.847580180117646837e-08
1.865238155335654563e-08
1.883577050724673614e-08
1.900832594880923815e-08
1.918585818268427256e-08
1.936547252694609180e-08
1.954397984941381734e-08
1.972208332368618906e-08
1.989947982620480962e-08
2.007678089256401987e-08
2.025146543651626197e-08
2.042529479880389412e-08
2.059732015661962309e-08
2.076716618958402590e-08
2.093319674283638288e-08
2.109911551904093467e-08
2.126043064273360768e-08
2.141839880356521960e-08
2.157214090492156892e-08
2.172170052736973197e-08
2.186660874470432029e-08
2.200630797304480193e-08
2.214055651510781078e-08
2.226887898634818824e-08
2.239044596427022515e-08
2.251823327891201310e-08
2.261400677271119452e-08
2.271237408235910649e-08
2.280667978631627953e-08
2.289049342463746894e-08
2.296526803546675204e-08
2.303091656657134126e-08
2.308668958644247719e-08
2.313228454781045506e-08
2.314783035010620791e-08
2.319129720862122156e-08
2.320407812358089824e-08
2.320485009838584491e-08
2.319393727694288699e-08
2.317007813603894417e-08
2.313368815498139373e-08
2.308439703333301388e-08
2.302155156932664266e-08
2.294524096020739341e-08
2.285525086378184469e-08
2.275104903626794781e-08
2.263277061013689780e-08
2.249632500885170220e-08
2.235339061693139170e-08
2.219208826319550969e-08
2.201601802592427965e-08
2.182861776230656108e-08
2.162166356574438151e-08
2.140298607706021070e-08
2.117027495807594740e-08
2.092366436893141533e-08
2.066356974687447814e-08
2.039018244823704521e-08
2.010402644698385321e-08
1.980527809803748948e-08
1.949457316739854208e-08
1.917244751427139667e-08
1.883934493067334595e-08
1.849645209228614292e-08
1.814289172056442732e-08
1.778080870724183964e-08
1.741062174397836723e-08
1.703293015006536162e-08
1.664857844077644434e-08
1.625757599816753312e-08
1.586323272960419944e-08
1.546396238139692636e-08
1.506149952827679576e-08
1.465666838340265608e-08
1.425037170394522759e-08
1.384358756224177987e-08
1.343717114945985994e-08
1.303213136518291025e-08
1.262894635568152187e-08
1.222892671280245101e-08
1.183263471907511431e-08
1.144083049583624104e-08
1.105157289478504625e-08
1.067369235816221349e-08
1.029947784517443285e-08
9.932326993029278712e-09
9.572618983653589331e-09
9.220730472154695573e-09
8.877104840712515528e-09
8.541883410413287938e-09
8.215308085664521630e-09
7.897516874173869986e-09
7.588554200761573109e-09
7.288464919904840598e-09
6.997191042213086562e-09
6.714650687909019494e-09
6.440709577514344565e-09
6.175199915719684015e-09
5.917926884909048735e-09
5.668615421355851266e-09
5.427216450536069188e-09
5.193331237047104631e-09
4.966802629173383714e-09
4.747427458593356074e-09
4.535038486958356572e-09
4.329474143305428801e-09
4.130640619977654530e-09
3.938464231381551774e-09
3.752910628867483587e-09
3.573989033054460780e-09
3.401712110977211243e-09
3.236159645564918543e-09
3.077375270339743962e-09
2.925428483693213939e-09
2.780339634285210138e-09
2.642099908448243518e-09
2.510649198950525727e-09
2.385854443483612333e-09
2.267518808294396917e-09
2.155380211568565184e-09
2.049128101863652550e-09
1.948410944659762279e-09
1.852867881056724990e-09
1.762151837793142807e-09
1.675939971887564714e-09
1.593953002667237254e-09
1.515960094166027319e-09
1.441777897115850241e-09
1.371244858983120249e-09
1.304243387837849597e-09
1.240653695228843105e-09
1.180359192673271298e-09
1.123240820361502819e-09
1.069169637947073780e-09
1.018010364704841232e-09
9.696177753774217531e-10
9.238413314123259203e-10
8.805225891990005159e-10
8.395151578535920006e-10
8.006624182498918229e-10
7.638301505545977010e-10
7.288952547277704068e-10
6.957482311747450270e-10
6.642919376742582992e-10
6.344229089503458575e-10
6.060574920118718499e-10
5.791062334595422258e-10
5.534783639246548551e-10
5.290960142013265071e-10
5.058822103014395415e-10
4.837685782844360511e-10
4.626922837883665453e-10
4.425953343855802226e-10
4.234218182284144742e-10
4.051181416187103917e-10
3.876321300885769930e-10
3.709147456552354132e-10
3.549201782347625303e-10
3.396067435868922099e-10
3.249365026668160650e-10
3.108747615329014260e-10
2.973894483079583966e-10
2.844509325882240882e-10
2.720315332596147351e-10
2.601053852101017678e-10
2.486481822601332191e-10
2.376372706289565567e-10
2.270517891138906721e-10
2.168727136728246313e-10
2.070826622684722430e-10
1.976655465578573018e-10
1.886063112544529881e-10
1.798908435210060038e-10
1.715060075658516514e-10
1.634396196805768590e-10
1.556803967063342246e-10
1.482178032020423136e-10
1.410419444922156033e-10
1.341434961518036595e-10
1.275136777226106923e-10
1.211441955650617648e-10
1.150271721674204626e-10
1.091550920053936165e-10
1.035207425017309211e-10
9.811720572025319948e-11
9.293779378441946239e-11
8.797603062955860675e-11
8.322561193842037771e-11
7.868039637371520129e-11
7.433437341723595070e-11
7.018164475886573285e-11
6.621641278172822869e-11
6.243296326427399104e-11
5.882566142590387334e-11
5.538893804333008219e-11
5.211728909948723753e-11
4.900526866277911458e-11
4.604748794057579329e-11
4.323861325030382402e-11
4.057336663207596396e-11
3.804652794634240229e-11
3.565293547319261355e-11
3.338749467699914308e-11
3.124517394707116963e-11
2.922101511938995187e-11
2.731013674432817797e-11
2.550773910668899078e-11
2.380910976516310069e-11
2.220962907249159420e-11
2.070477503388136363e-11
1.929012885958533386e-11
1.796137939358869433e-11
1.671432814952844129e-11
1.554489301275192874e-11
1.444911221273328601e-11
1.342314751206726295e-11
1.246328686031494597e-11
1.156594667480119282e-11
1.072767325641815004e-11
9.945144235931049003e-12
9.215168627703560886e-12
8.534687143463749488e-12
7.900771492872282532e-12
7.310623433100525376e-12
6.761573114561910866e-12
6.251077265536458549e-12
5.776716913624550712e-12
5.336190853904659422e-12
4.927327832252569083e-12
4.548060263718832114e-12
4.196436396293937810e-12
3.870612625926275986e-12
3.568849782288132429e-12
3.289509164491966133e-12
3.031048504039206979e-12
2.792017993826652647e-12
2.571056257750281279e-12
2.366886226185609187e-12
2.178311166018404758e-12
2.004210783301532972e-12
1.843537256242256763e-12
1.695311443758784349e-12
1.558619242815755281e-12
1.432607949431066063e-12
1.316477533988507685e-12
1.209498669276487015e-12
1.110976801766409613e-12
1.020271301695655023e-12
9.367868224835395433e-13
8.599705002329473748e-13
7.893092127538842129e-13
7.243270253302802369e-13
6.645827920901592877e-13
6.096678235384219638e-13
5.592037013943386308e-13
5.128402472426803737e-13
4.702535767686742984e-13
4.311434161032764677e-13
3.952302284857309747e-13
3.622671633858070971e-13
3.320132764217598324e-13
3.042508714488829759e-13
2.787791380156999130e-13
2.554129124240511824e-13
2.339815300050490565e-13
2.143223770088287894e-13
1.963018003551534954e-13
1.797805891936874212e-13
1.646325871694191216e-13
1.507519539295791094e-13
1.380310685929751840e-13
1.263743796325176819e-13
1.156940428361611077e-13
1.059093135241718852e-13
9.694599186420897549e-14
8.872454541872626582e-14
8.120605215504566899e-14
7.432062031953705327e-14
6.801547183731541607e-14
6.224216188709280984e-14
5.695623094577509725e-14
5.211688383609527325e-14
4.768669526759904194e-14
4.363133765793314808e-14
3.991932656302549298e-14
3.651554415748535063e-14
3.340505105810115910e-14
3.055834918543838362e-14
2.795314999137876739e-14
2.556896468902008999e-14
2.338740063448058917e-14
2.139094190418699769e-14
1.956450981016717038e-14
1.789289325903095355e-14
1.636413543405029364e-14
1.496488924792590031e-14
1.368502023731007110e-14
1.251422314186681278e-14
1.144292468916023717e-14
1.046292089342965627e-14
9.566466878788962029e-15
8.746396409048659924e-15
7.996134320472503267e-15
7.309850909556706794e-15
6.682066087167351206e-15
6.107801389789748172e-15
5.582529470332301062e-15
5.101924292138148219e-15
4.662268000662367347e-15
4.260234434403562973e-15
3.892397276054226219e-15
3.555898969365564381e-15
3.248096962822710591e-15
2.966471100533316575e-15
2.708919763246420081e-15
2.473224465816737641e-15
2.257635403302151021e-15
2.060399491703365468e-15
1.879920605392892052e-15
1.714806313285487366e-15
1.563743803554640717e-15
1.425546872150146926e-15
1.299046941392093803e-15
1.183318493655099977e-15
1.077403829199698851e-15
9.805248533695774684e-16
8.917707169597678990e-16
8.106203103265547792e-16
7.363269737544823356e-16
6.683510199640461037e-16
6.061483014004728598e-16
5.492302959928800556e-16
4.971538856859066617e-16
4.495368243547039733e-16
4.059638896143251476e-16
3.661257402423904536e-16
3.297059392756323969e-16
2.964274988220162692e-16
2.660165751684256559e-16
2.382552255415551040e-16
