# bin_2_2
1.343154288967564178e-08
1.348250710119289609e-08
1.352831954708151048e-08
1.358982089444366611e-08
1.364627812859752922e-08
1.370467548277626009e-08
1.376501813259413915e-08
1.382746262670142216e-08
1.389201091103112655e-08
1.395874726626113086e-08
1.402771658966209913e-08
1.409897901228768791e-08
1.417259567878501337e-08
1.424862902872927135e-08
1.432714113971275277e-08
1.440819442137867134e-08
1.449185312887571001e-08
1.457818039089638718e-08
1.466723927462996208e-08
1.475909198887621365e-08
1.485378976899120843e-08
1.495142072679735581e-08
1.505203548921934957e-08
1.515582844917760638e-08
1.526246237050626623e-08
1.537231052808324335e-08
1.548547957849140491e-08
1.560194099557838617e-08
1.572514728846563389e-08
1.584495718763282947e-08
1.597158910447200844e-08
1.610172145777012661e-08
1.623540282141203882e-08
1.637245951248441053e-08
1.651358507776274140e-08
1.665816530381686025e-08
1.680645470430133862e-08
1.695849804228883654e-08
1.711427946854381521e-08
1.727385898838706356e-08
1.743734778320094868e-08
1.760493163662997870e-08
1.777572760326176077e-08
1.795067890176692226e-08
1.812946617868785311e-08
1.831208234775302118e-08
1.849851156208201978e-08
1.868815149920524683e-08
1.888274878976846444e-08
1.908041752774255764e-08
1.928178720243736563e-08
1.948896990140894866e-08
1.969531970365432149e-08
1.990732907248447703e-08
2.012272122224807283e-08
2.034592577964027785e-08
2.056330197906971054e-08
2.078824502400930368e-08
2.101607313846824899e-08
2.124673500820649178e-08
2.148012619673955674e-08
2.171562598989854705e-08
2.195950059491587570e-08
2.219399616439795340e-08
2.243505748960692445e-08
2.267974358956873591e-08
2.292488253034609262e-08
2.317117460602479537e-08
2.341831511604210044e-08
2.366691432747780530e-08
2.391443459542533172e-08
2.416263367894090812e-08
2.441054484853185766e-08
2.465777315541296520e-08
2.490266061278728158e-08
2.514887620423565044e-08
2.539190079720624196e-08
2.563295248370918577e-08
2.587110209072236042e-08
2.610634983589084199e-08
2.633816956913528255e-08
2.656603340607050499e-08
2.678935696038514638e-08
2.700786481558541214e-08
2.722055287025357679e-08
2.744048981224873517e-08
2.762880753012725658e-08
2.782052844434993373e-08
2.800875799835232751e-08
2.818689624141118226e-08
2.835628585185254897e-08
2.851665575336348029e-08
2.866726061160347943e-08
2.880749891843132082e-08
2.891653693210587040e-08
2.905472418099072699e-08
2.916072423137412051e-08
2.925387154868414062e-08
2.933430281046470534e-08
2.940052799957515486e-08
2.945277020441363256e-08
2.949043261702135897e-08
2.951260958936875276e-08
2.951922256536866684e-08
2.950965503342019787e-08
2.948343478264096931e-08
2.944015694689640890e-08
2.937551713968223400e-08
2.930107503088154364e-08
2.920453404544037895e-08
2.908926065931360816e-08
2.895845202256899646e-08
2.880351574957678597e-08
2.863207359470237622e-08
2.844150984778704464e-08
2.823167896766183836e-08
2.800272625340577946e-08
2.775457692254242052e-08
2.748750281982484388e-08
2.720146668432390307e-08
2.689701836361115206e-08
2.657387005740341805e-08
2.623294349504281998e-08
2.587502831987620301e-08
2.549905307397210453e-08
2.510707062691808876e-08
2.469938089264255502e-08
2.427654927843622186e-08
2.383934721975583656e-08
2.338777716975444117e-08
2.292526924728925215e-08
2.245024143722912633e-08
2.196457616834179524e-08
2.146925352480263177e-08
2.096538650533829801e-08
2.045418845741450000e-08
1.993676864811286849e-08
1.941454221043616899e-08
1.888826527487500464e-08
1.835969336067751633e-08
1.782984426021947798e-08
1.729989744771827254e-08
1.677129846099506844e-08
1.624513895830399470e-08
1.572257722406168690e-08
1.520488376474935625e-08
1.469303643423372294e-08
1.418805727819543084e-08
1.369101236860908036e-08
1.320262419059132030e-08
1.272375733514593051e-08
1.225493520501415421e-08
1.179684066896176163e-08
1.134991780237306470e-08
1.091450567162425239e-08
1.049086869800131387e-08
1.007911970931598159e-08
9.679453615451317789e-09
9.291715647068601883e-09
8.915776023882879732e-09
8.551643463405451874e-09
8.198884981055002259e-09
7.857271103953482481e-09
7.526469136781569958e-09
7.206136896896412489e-09
6.895907814944058094e-09
6.595450491844805002e-09
6.304445589632896913e-09
6.022609513139610997e-09
5.749712604400913111e-09
5.485551647054064546e-09
5.230026277446242767e-09
4.983049445458833758e-09
4.744617311330099715e-09
4.514747105971044458e-09
4.293498434267360619e-09
4.080954272170304639e-09
3.877083318841283246e-09
3.682242116433945205e-09
3.496161027664239118e-09
3.318914748928987567e-09
3.150410065730551712e-09
2.990490552716991198e-09
2.838917583528389287e-09
2.695397115120545536e-09
2.559563983418362497e-09
2.431009397157494823e-09
2.309304613967226810e-09
2.193996581778411163e-09
2.084678356226223391e-09
1.980958736529328328e-09
1.882496888397818221e-09
1.789008059306763141e-09
1.700255353611175092e-09
1.616047004478527779e-09
1.536101406281843800e-09
1.460614127563447046e-09
1.389078952047730896e-09
1.321454032126392239e-09
1.257543237876961901e-09
1.197149156966921973e-09
1.140062204611171852e-09
1.086074557130467648e-09
1.034987479047237554e-09
9.866185392895233644e-10
9.408006600174253262e-10
8.973880557127593657e-10
8.562370768321225772e-10
8.172232475716060663e-10
7.802216631727360999e-10
7.451096105873569071e-10
7.117774138076143492e-10
6.801161236127315999e-10
6.500173636719213491e-10
6.213998264893180038e-10
5.941567339043790924e-10
5.682087005529746282e-10
5.434764778194529577e-10
5.198871050330640409e-10
4.973724471156066924e-10
4.758687925584353259e-10
4.553161323130025080e-10
4.356588626887074762e-10
4.168451969360337614e-10
3.988274895548874362e-10
3.815615424090351747e-10
3.650063945418160587e-10
3.491241025402161822e-10
3.338795380418030906e-10
3.192402978795672381e-10
3.051764532013819935e-10
2.916603885602673638e-10
2.786666141673353317e-10
2.661716062832283283e-10
2.541536225238428122e-10
2.425925618803132774e-10
2.314697965251460179e-10
2.207680756543564077e-10
2.104713883352949709e-10
2.005648583778813617e-10
1.910346324572131462e-10
1.818677760518375705e-10
1.730521960177310952e-10
1.645765318994675477e-10
1.564300999729844905e-10
1.486027858424914231e-10
1.410849995624764472e-10
1.338675892304674819e-10
1.269417986720238835e-10
1.202992065474974910e-10
1.139316818441505286e-10
1.078313477208963045e-10
1.019905397982338882e-10
9.640178350286199001e-11
9.105775905560039139e-11
8.595128583881315953e-11
8.107529984103749038e-11
7.642283974219465163e-11
7.198703295870960091e-11
6.776108619518784512e-11
6.373827907233260140e-11
5.991195689600735926e-11
5.627553321850428723e-11
5.282248067530105143e-11
4.954633767233775087e-11
4.644070871400386605e-11
4.349926746344615088e-11
4.071576136705932720e-11
3.808401700485575518e-11
3.559794532709541078e-11
3.325154844339576609e-11
3.103892565198314170e-11
2.895428079723748186e-11
2.699192840005050039e-11
2.514630064837849049e-11
2.341195378502521009e-11
2.178357412835303700e-11
2.025598392926816202e-11
1.882414638930325116e-11
1.748317086357166277e-11
1.622831640399295188e-11
1.505499574271978546e-11
1.395877798770292468e-11
1.293539094710724885e-11
1.198072249077283954e-11
1.109082158948849403e-11
1.026189862237123954e-11
9.490321035366558310e-12
8.772627546308663452e-12
8.105503522230725083e-12
7.485794482429107306e-12
6.910499421969846938e-12
6.376767880415824590e-12
5.881896421237767060e-12
5.423324715783437151e-12
4.998631507161065469e-12
4.605530286013425809e-12
4.241864561933532005e-12
3.905603153229636269e-12
3.594835424545456016e-12
3.307766212853189951e-12
3.042710821881960592e-12
2.798090121132325515e-12
2.572425511254713121e-12
2.364328683631621540e-12
2.172518263367907063e-12
1.995782216185106864e-12
1.832995498822839788e-12
1.683109835122084336e-12
1.545149390403574379e-12
1.418206457285601093e-12
1.301437375036005637e-12
1.194058674751093867e-12
1.095343288855255397e-12
1.004616943485330545e-12
9.212547896448515346e-13
8.446781595323533797e-13
7.743448854390177122e-13
7.097732146442915075e-13
6.504980056974044405e-13
5.960960902442896379e-13
5.461766704895925308e-13
5.003790519127157124e-13
4.583704602539760910e-13
4.198440105656706515e-13
3.845168371592062358e-13
3.521283158608168254e-13
3.224383974378345307e-13
2.952186972074457594e-13
2.702811854013164312e-13
2.474306818974374323e-13
2.264950690979455427e-13
2.073161021182434609e-13
1.897483213320155177e-13
1.736580550287635773e-13
1.589105193335549932e-13
1.454179083109506908e-13
1.330635880480230001e-13
1.217524922466129812e-13
1.113973695491344421e-13
1.019181569530285522e-13
9.324139771787957628e-14
8.529971226937980680e-14
7.803130865090956856e-14
7.137952194396245655e-14
6.528651077244679466e-14
5.971538140619444052e-14
5.461778363654753441e-14
4.995371879123512793e-14
4.568507531303163396e-14
4.178127131950236560e-14
3.821000895600828219e-14
3.494189029201524875e-14
3.195253180131459946e-14
2.921832923494160789e-14
2.671688774438638589e-14
2.442911514705225057e-14
2.233657558377041175e-14
2.042249458182511670e-14
1.867213670786399771e-14
1.707076247242497743e-14
1.560658471019369731e-14
1.426726885360514149e-14
1.304241683447710987e-14
1.192235627212049737e-14
1.089762831039070294e-14
9.960711096887556293e-15
9.104038637399814042e-15
8.320385893340938984e-15
7.603847249060872525e-15
6.948562011083163492e-15
6.349155043852433111e-15
5.801051070307527631e-15
5.299767512224854572e-15
4.841365999240075251e-15
4.422095696427046811e-15
4.038699213413297083e-15
3.687959651133645325e-15
3.367334648007088648e-15
3.073940676131680811e-15
2.805717389782715205e-15
2.560269765624773233e-15
2.335775754625014020e-15
2.130447421827913591e-15
1.942615259291828586e-15
1.770836079646337004e-15
1.613577220672029806e-15
1.469786491493249211e-15
1.338199806470695639e-15
1.217777227966892795e-15
1.107680149165568827e-15
1.006895401452318853e-15
9.147015866190965431e-16
8.303532589829985271e-16
7.531556343965019741e-16
6.825563179500535913e-16
6.179383386308463490e-16
5.588262786434066792e-16
5.047547197447482827e-16
4.552886794343231188e-16
