# k_h
9.992058949137572199e-06
1.103293107007630169e-05
1.218223042087629437e-05
1.345125292573357001e-05
1.485246866650413722e-05
1.639965012145694345e-05
1.810799949453212321e-05
1.999430969590321183e-05
2.207711440860293806e-05
2.437688635836821049e-05
2.691622648853808641e-05
2.972008769575040787e-05
3.281602766946889460e-05
3.623446900746785104e-05
4.000901390099897981e-05
4.417674790602177382e-05
4.877863830188289285e-05
5.385990516515448689e-05
5.947048703092150390e-05
6.566552474396303296e-05
7.250589987961575389e-05
8.005883137229830027e-05
8.839855581754818559e-05
9.760702960193157196e-05
1.077747510862536728e-04
1.190016409964300692e-04
1.313980319537222385e-04
1.450857525924220681e-04
1.601993280928581953e-04
1.768872898537665606e-04
1.953136234078556299e-04
2.156594273401424289e-04
2.381246595177799463e-04
2.629300870466977358e-04
2.903194981627166271e-04
3.205620741937309504e-04
3.539549943525344133e-04
3.908264625351876020e-04
4.315388214308768511e-04
4.764921905007213354e-04
5.261283367872238159e-04
5.809350986965000629e-04
6.414511008188128471e-04
7.082709926180541515e-04
7.820515893399715424e-04
8.635178091935813427e-04
9.534704149700701237e-04
1.052793348208069801e-03
1.162462751381099224e-03
1.283556455746293068e-03
1.417264458723366261e-03
1.564900856465101242e-03
1.727916416712105274e-03
1.907913363538682461e-03
2.106660511344671249e-03
2.326111309230327606e-03
2.568422118201851845e-03
2.835974562913179398e-03
3.131397766992449760e-03
3.457595361396670341e-03
3.817772958427667618e-03
4.215470049530267715e-03
4.654595162719488144e-03
5.139464046806097031e-03
5.674841813743114471e-03
6.265989504754543304e-03
6.918717641383409500e-03
7.639439776539802551e-03
8.435240015387535095e-03
9.313938207924365997e-03
1.028417050838470459e-02
1.135547179728746414e-02
1.253837067633867264e-02
1.384449191391468048e-02
1.528667192906141281e-02
1.687908358871936798e-02
1.863737590610980988e-02
2.057883143424987793e-02
2.272252738475799561e-02
2.508953027427196503e-02
2.770310640335083008e-02
3.058893606066703796e-02
3.377538546919822693e-02
3.729376196861267090e-02
4.117865115404129028e-02
4.529651626944541931e-02
4.941438511013984680e-02
5.353225022554397583e-02
5.765011534094810486e-02
6.176798045635223389e-02
6.588584184646606445e-02
7.000371068716049194e-02
7.412157952785491943e-02
7.823944091796875000e-02
8.235730975866317749e-02
8.647517114877700806e-02
9.264125674962997437e-02
9.880734235048294067e-02
1.049734279513359070e-01
1.111395135521888733e-01
1.173055991530418396e-01
1.234716922044754028e-01
1.296377778053283691e-01
1.358038634061813354e-01
1.419699490070343018e-01
1.481360346078872681e-01
1.543021202087402344e-01
1.604682058095932007e-01
1.666342914104461670e-01
1.728003770112991333e-01
1.789664626121520996e-01
1.851325482130050659e-01
1.912986338138580322e-01
1.974647194147109985e-01
2.036308050155639648e-01
2.097968906164169312e-01
2.159629762172698975e-01
2.221290618181228638e-01
2.282951474189758301e-01
2.344612330198287964e-01
2.406273186206817627e-01
2.467934042215347290e-01
2.529594898223876953e-01
2.591255903244018555e-01
2.652916610240936279e-01
2.714577615261077881e-01
2.776238322257995605e-01
2.837899327278137207e-01
2.899560034275054932e-01
2.961221039295196533e-01
3.022881746292114258e-01
3.084542751312255859e-01
3.146203458309173584e-01
3.207864463329315186e-01
3.269525170326232910e-01
3.331186175346374512e-01
3.392846882343292236e-01
3.454507887363433838e-01
3.516168594360351562e-01
3.577829599380493164e-01
3.639490306377410889e-01
3.701151311397552490e-01
3.762812018394470215e-01
3.824473023414611816e-01
3.886133730411529541e-01
3.947794735431671143e-01
4.009455442428588867e-01
4.071116447448730469e-01
4.132777154445648193e-01
4.194438159465789795e-01
4.256098866462707520e-01
4.317759871482849121e-01
4.379420578479766846e-01
4.441081583499908447e-01
4.502742588520050049e-01
4.564403295516967773e-01
4.626064300537109375e-01
4.687725007534027100e-01
4.749386012554168701e-01
4.811046719551086426e-01
4.872707724571228027e-01
4.934368431568145752e-01
4.996029436588287354e-01
5.965086221694946289e-01
8.324948549270629883e-01
1.161840200424194336e+00
1.621478557586669922e+00
2.262955665588378906e+00
3.158209085464477539e+00
4.407635688781738281e+00
6.151350975036621094e+00
8.584901809692382812e+00
1.198119640350341797e+01
1.672110557556152344e+01
